  -1.0000000e+00
  -1.0000000e+00
  -1.0000000e+00
  -1.0000000e+00
  -1.0000000e+00
  -1.0000000e+00
  -1.0000000e+00
  -1.0000000e+00
  -1.0000000e+00
  -1.0000000e+00
  -1.0000000e+00
  -1.0000000e+00
  -1.0000000e+00
  -1.0000000e+00
  -1.0000000e+00
  -1.0000000e+00
  -1.0000000e+00
  -1.0000000e+00
  -1.0000000e+00
  -1.0000000e+00
  -1.0000000e+00
  -1.0000000e+00
  -1.0000000e+00
  -1.0000000e+00
  -1.0000000e+00
  -1.0000000e+00
  -1.0000000e+00
  -1.0000000e+00
  -1.0000000e+00
  -1.0000000e+00
  -1.0000000e+00
  -1.0000000e+00
  -1.0000000e+00
  -1.0000000e+00
  -1.0000000e+00
  -1.0000000e+00
  -1.0000000e+00
  -1.0000000e+00
  -1.0000000e+00
  -1.0000000e+00
  -1.0000000e+00
  -1.0000000e+00
  -1.0000000e+00
  -1.0000000e+00
  -1.0000000e+00
  -1.0000000e+00
  -1.0000000e+00
  -1.0000000e+00
  -1.0000000e+00
  -1.0000000e+00
  -1.0000000e+00
  -1.0000000e+00
  -1.0000000e+00
  -1.0000000e+00
  -1.0000000e+00
  -1.0000000e+00
  -1.0000000e+00
  -1.0000000e+00
  -1.0000000e+00
  -1.0000000e+00
  -1.0000000e+00
  -1.0000000e+00
  -1.0000000e+00
  -1.0000000e+00
  -1.0000000e+00
  -1.0000000e+00
  -1.0000000e+00
  -1.0000000e+00
  -1.0000000e+00
  -1.0000000e+00
  -1.0000000e+00
  -1.0000000e+00
  -1.0000000e+00
  -1.0000000e+00
  -1.0000000e+00
  -1.0000000e+00
  -1.0000000e+00
  -9.7670034e-01
  -9.7651046e-01
  -9.7642140e-01
  -9.7575094e-01
  -9.7559714e-01
  -9.7553035e-01
  -9.7549198e-01
  -9.7546883e-01
  -9.7545415e-01
  -9.7544431e-01
  -9.7543737e-01
  -9.7543226e-01
  -9.7542834e-01
  -9.7542525e-01
  -9.7542279e-01
  -9.7542080e-01
  -9.7541918e-01
  -9.7541787e-01
  -9.7541681e-01
  -9.7541595e-01
  -9.7541524e-01
  -9.7541463e-01
  -9.7541406e-01
  -9.7541345e-01
  -9.7541269e-01
  -9.7541162e-01
  -9.7541045e-01
  -9.7541004e-01
  -9.7540759e-01
  -9.7540371e-01
  -9.7539748e-01
  -9.7538717e-01
  -9.7536953e-01
  -9.7533789e-01
  -9.7527819e-01
  -9.7516085e-01
  -9.7496163e-01
  -9.7364717e-01
  -9.7228747e-01
  -9.7020367e-01
  -9.7008321e-01
  -9.6810501e-01
  -9.6807361e-01
  -9.6805187e-01
  -9.6804763e-01
  -9.6803023e-01
  -9.6801245e-01
  -9.6799842e-01
  -9.6798716e-01
  -9.6797797e-01
  -9.6797037e-01
  -9.6796404e-01
  -9.6795875e-01
  -9.6795435e-01
  -9.6795071e-01
  -9.6794772e-01
  -9.6794532e-01
  -9.6794340e-01
  -9.6794189e-01
  -9.6794069e-01
  -9.6793969e-01
  -9.6793875e-01
  -9.6793768e-01
  -9.6793623e-01
  -9.6793406e-01
  -9.6793072e-01
  -9.6792552e-01
  -9.6791750e-01
  -9.6790523e-01
  -9.6788660e-01
  -9.6785854e-01
  -9.6781690e-01
  -9.6775669e-01
  -9.6767520e-01
  -9.6725119e-01
  -9.6561963e-01
  -9.6561524e-01
  -9.5160887e-01
  -9.5054978e-01
  -9.4841857e-01
  -9.4839188e-01
  -9.4836602e-01
  -9.4833624e-01
  -9.4830919e-01
  -9.4828746e-01
  -9.4827010e-01
  -9.4825599e-01
  -9.4824438e-01
  -9.4823472e-01
  -9.4822666e-01
  -9.4821994e-01
  -9.4821436e-01
  -9.4820977e-01
  -9.4820606e-01
  -9.4820309e-01
  -9.4820075e-01
  -9.4819893e-01
  -9.4819747e-01
  -9.4819620e-01
  -9.4819490e-01
  -9.4819326e-01
  -9.4819089e-01
  -9.4818724e-01
  -9.4818152e-01
  -9.4817259e-01
  -9.4815878e-01
  -9.4813755e-01
  -9.4810499e-01
  -9.4805508e-01
  -9.4797828e-01
  -9.4785960e-01
  -9.4764440e-01
  -9.4759469e-01
  -9.4681646e-01
  -9.4433417e-01
  -9.4414450e-01
  -9.4072186e-01
  -9.4064060e-01
  -9.3622716e-01
  -9.3622512e-01
  -9.3621281e-01
  -9.3619836e-01
  -9.3619549e-01
  -9.3618412e-01
  -9.3617090e-01
  -9.3615901e-01
  -9.3614851e-01
  -9.3613939e-01
  -9.3613157e-01
  -9.3612498e-01
  -9.3611952e-01
  -9.3611509e-01
  -9.3611157e-01
  -9.3610882e-01
  -9.3610667e-01
  -9.3610490e-01
  -9.3610325e-01
  -9.3610134e-01
  -9.3609870e-01
  -9.3609467e-01
  -9.3608836e-01
  -9.3607856e-01
  -9.3606857e-01
  -9.3606357e-01
  -9.3604103e-01
  -9.3600768e-01
  -9.3595901e-01
  -9.3588833e-01
  -9.3578048e-01
  -9.3551854e-01
  -9.3543079e-01
  -9.3427426e-01
  -9.3363869e-01
  -9.3256528e-01
  -9.2469258e-01
  -9.2428913e-01
  -9.1909420e-01
  -9.1909176e-01
  -9.1908058e-01
  -9.1906935e-01
  -9.1906689e-01
  -9.1905297e-01
  -9.1903981e-01
  -9.1902782e-01
  -9.1901718e-01
  -9.1900791e-01
  -9.1899999e-01
  -9.1899336e-01
  -9.1898793e-01
  -9.1898360e-01
  -9.1898023e-01
  -9.1897765e-01
  -9.1897566e-01
  -9.1897398e-01
  -9.1897225e-01
  -9.1897001e-01
  -9.1896959e-01
  -9.1896661e-01
  -9.1896122e-01
  -9.1895267e-01
  -9.1893936e-01
  -9.1891910e-01
  -9.1888881e-01
  -9.1884413e-01
  -9.1877843e-01
  -9.1867791e-01
  -9.1858509e-01
  -9.1847663e-01
  -9.1774715e-01
  -9.1758195e-01
  -9.1640769e-01
  -9.1475564e-01
  -9.1419312e-01
  -9.1141292e-01
  -9.1126774e-01
  -9.0511097e-01
  -9.0510954e-01
  -9.0510174e-01
  -9.0509814e-01
  -9.0509130e-01
  -9.0508013e-01
  -9.0506924e-01
  -9.0505917e-01
  -9.0505200e-01
  -9.0505019e-01
  -9.0504244e-01
  -9.0503593e-01
  -9.0503064e-01
  -9.0502649e-01
  -9.0502331e-01
  -9.0502093e-01
  -9.0501906e-01
  -9.0501734e-01
  -9.0501529e-01
  -9.0501226e-01
  -9.0500737e-01
  -9.0499949e-01
  -9.0498704e-01
  -9.0496794e-01
  -9.0493933e-01
  -9.0492481e-01
  -9.0489725e-01
  -9.0483561e-01
  -9.0474151e-01
  -9.0457590e-01
  -9.0456412e-01
  -9.0405306e-01
  -9.0380826e-01
  -9.0264555e-01
  -9.0236694e-01
  -9.0108205e-01
  -8.9652194e-01
  -8.9633679e-01
  -8.8908991e-01
  -8.8908899e-01
  -8.8908413e-01
  -8.8907528e-01
  -8.8907429e-01
  -8.8906535e-01
  -8.8905545e-01
  -8.8904620e-01
  -8.8903794e-01
  -8.8903085e-01
  -8.8903059e-01
  -8.8902498e-01
  -8.8902032e-01
  -8.8901677e-01
  -8.8901416e-01
  -8.8901226e-01
  -8.8901074e-01
  -8.8900914e-01
  -8.8900686e-01
  -8.8900311e-01
  -8.8899680e-01
  -8.8898652e-01
  -8.8897035e-01
  -8.8894569e-01
  -8.8892247e-01
  -8.8890895e-01
  -8.8885458e-01
  -8.8877163e-01
  -8.8865871e-01
  -8.8862563e-01
  -8.8827350e-01
  -8.8810200e-01
  -8.8737766e-01
  -8.8710951e-01
  -8.8592793e-01
  -8.8494406e-01
  -8.8403172e-01
  -8.8216322e-01
  -8.8179288e-01
  -8.7436503e-01
  -8.7436323e-01
  -8.7435874e-01
  -8.7435730e-01
  -8.7434953e-01
  -8.7434127e-01
  -8.7433720e-01
  -8.7433331e-01
  -8.7432612e-01
  -8.7431998e-01
  -8.7431498e-01
  -8.7431113e-01
  -8.7430833e-01
  -8.7430639e-01
  -8.7430503e-01
  -8.7430381e-01
  -8.7430217e-01
  -8.7429935e-01
  -8.7429433e-01
  -8.7428646e-01
  -8.7428575e-01
  -8.7427182e-01
  -8.7425012e-01
  -8.7421730e-01
  -8.7417746e-01
  -8.7416825e-01
  -8.7409332e-01
  -8.7396636e-01
  -8.7394552e-01
  -8.7369788e-01
  -8.7348904e-01
  -8.7307929e-01
  -8.7270806e-01
  -8.7172713e-01
  -8.7153357e-01
  -8.7027472e-01
  -8.6781227e-01
  -8.6725222e-01
  -8.5880684e-01
  -8.5880664e-01
  -8.5880277e-01
  -8.5879844e-01
  -8.5879665e-01
  -8.5878986e-01
  -8.5878325e-01
  -8.5877731e-01
  -8.5877581e-01
  -8.5877232e-01
  -8.5876843e-01
  -8.5876560e-01
  -8.5876374e-01
  -8.5876260e-01
  -8.5876184e-01
  -8.5876093e-01
  -8.5875920e-01
  -8.5875571e-01
  -8.5874923e-01
  -8.5873811e-01
  -8.5872707e-01
  -8.5872016e-01
  -8.5869233e-01
  -8.5865005e-01
  -8.5862975e-01
  -8.5858516e-01
  -8.5847827e-01
  -8.5843882e-01
  -8.5827232e-01
  -8.5808106e-01
  -8.5783541e-01
  -8.5747454e-01
  -8.5692635e-01
  -8.5657408e-01
  -8.5549258e-01
  -8.5497372e-01
  -8.5391686e-01
  -8.5279897e-01
  -8.5223643e-01
  -8.4377963e-01
  -8.4377788e-01
  -8.4377681e-01
  -8.4377380e-01
  -8.4376881e-01
  -8.4376581e-01
  -8.4376382e-01
  -8.4375937e-01
  -8.4375577e-01
  -8.4375316e-01
  -8.4375151e-01
  -8.4375069e-01
  -8.4375041e-01
  -8.4375022e-01
  -8.4374950e-01
  -8.4374741e-01
  -8.4374280e-01
  -8.4374068e-01
  -8.4373415e-01
  -8.4371943e-01
  -8.4369583e-01
  -8.4369119e-01
  -8.4365921e-01
  -8.4360250e-01
  -8.4359899e-01
  -8.4351057e-01
  -8.4343073e-01
  -8.4334466e-01
  -8.4313309e-01
  -8.4301828e-01
  -8.4264026e-01
  -8.4237413e-01
  -8.4191008e-01
  -8.4115875e-01
  -8.4092728e-01
  -8.3979280e-01
  -8.3854081e-01
  -8.3775993e-01
  -8.2841223e-01
  -8.2841223e-01
  -8.2840989e-01
  -8.2840777e-01
  -8.2840660e-01
  -8.2840322e-01
  -8.2840032e-01
  -8.2839818e-01
  -8.2839765e-01
  -8.2839734e-01
  -8.2839696e-01
  -8.2839694e-01
  -8.2839679e-01
  -8.2839654e-01
  -8.2839554e-01
  -8.2839424e-01
  -8.2838812e-01
  -8.2837675e-01
  -8.2837025e-01
  -8.2835759e-01
  -8.2832693e-01
  -8.2832325e-01
  -8.2827873e-01
  -8.2823985e-01
  -8.2820115e-01
  -8.2809501e-01
  -8.2806709e-01
  -8.2784990e-01
  -8.2781843e-01
  -8.2745395e-01
  -8.2734924e-01
  -8.2686407e-01
  -8.2649417e-01
  -8.2606880e-01
  -8.2511424e-01
  -8.2493696e-01
  -8.2382686e-01
  -8.2327483e-01
  -8.2256577e-01
  -8.1326262e-01
  -8.1326216e-01
  -8.1326173e-01
  -8.1326108e-01
  -8.1326078e-01
  -8.1326074e-01
  -8.1326069e-01
  -8.1325976e-01
  -8.1325907e-01
  -8.1325843e-01
  -8.1325785e-01
  -8.1325752e-01
  -8.1325730e-01
  -8.1325698e-01
  -8.1325451e-01
  -8.1324865e-01
  -8.1324087e-01
  -8.1323348e-01
  -8.1321507e-01
  -8.1320812e-01
  -8.1316968e-01
  -8.1316735e-01
  -8.1310162e-01
  -8.1309266e-01
  -8.1299112e-01
  -8.1296452e-01
  -8.1279541e-01
  -8.1275603e-01
  -8.1244151e-01
  -8.1242879e-01
  -8.1194421e-01
  -8.1181644e-01
  -8.1128450e-01
  -8.1076029e-01
  -8.1044880e-01
  -8.0946298e-01
  -8.0893279e-01
  -8.0802916e-01
  -7.9798641e-01
  -7.9798568e-01
  -7.9798484e-01
  -7.9798374e-01
  -7.9798141e-01
  -7.9797944e-01
  -7.9797924e-01
  -7.9797755e-01
  -7.9797651e-01
  -7.9797605e-01
  -7.9797594e-01
  -7.9797566e-01
  -7.9797441e-01
  -7.9797096e-01
  -7.9796811e-01
  -7.9796343e-01
  -7.9794906e-01
  -7.9794790e-01
  -7.9792370e-01
  -7.9791425e-01
  -7.9788098e-01
  -7.9785943e-01
  -7.9781107e-01
  -7.9776853e-01
  -7.9769870e-01
  -7.9761271e-01
  -7.9752152e-01
  -7.9734058e-01
  -7.9725021e-01
  -7.9687217e-01
  -7.9685283e-01
  -7.9630659e-01
  -7.9609824e-01
  -7.9560996e-01
  -7.9485641e-01
  -7.9478033e-01
  -7.9373502e-01
  -7.9359457e-01
  -7.9278307e-01
  -7.8279895e-01
  -7.8279846e-01
  -7.8279624e-01
  -7.8279612e-01
  -7.8279291e-01
  -7.8278952e-01
  -7.8278844e-01
  -7.8278639e-01
  -7.8278372e-01
  -7.8278154e-01
  -7.8277965e-01
  -7.8277758e-01
  -7.8277460e-01
  -7.8277289e-01
  -7.8276955e-01
  -7.8276074e-01
  -7.8274566e-01
  -7.8274565e-01
  -7.8272062e-01
  -7.8270027e-01
  -7.8268020e-01
  -7.8262522e-01
  -7.8261622e-01
  -7.8251650e-01
  -7.8249927e-01
  -7.8236357e-01
  -7.8228542e-01
  -7.8213463e-01
  -7.8192602e-01
  -7.8180392e-01
  -7.8134888e-01
  -7.8134269e-01
  -7.8076134e-01
  -7.8044095e-01
  -7.8004348e-01
  -7.7920158e-01
  -7.7911782e-01
  -7.7815064e-01
  -7.6755415e-01
  -7.6755395e-01
  -7.6755171e-01
  -7.6754943e-01
  -7.6754784e-01
  -7.6754338e-01
  -7.6753888e-01
  -7.6753824e-01
  -7.6753466e-01
  -7.6753080e-01
  -7.6752717e-01
  -7.6752338e-01
  -7.6751877e-01
  -7.6751693e-01
  -7.6751229e-01
  -7.6750241e-01
  -7.6748689e-01
  -7.6748010e-01
  -7.6746251e-01
  -7.6742462e-01
  -7.6741862e-01
  -7.6736643e-01
  -7.6731649e-01
  -7.6727812e-01
  -7.6714651e-01
  -7.6714590e-01
  -7.6695181e-01
  -7.6686635e-01
  -7.6667512e-01
  -7.6641794e-01
  -7.6629576e-01
  -7.6580090e-01
  -7.6573222e-01
  -7.6519136e-01
  -7.6473919e-01
  -7.6447521e-01
  -7.6377942e-01
  -7.6362714e-01
  -7.6290189e-01
  -7.5234527e-01
  -7.5234376e-01
  -7.5234315e-01
  -7.5233889e-01
  -7.5233654e-01
  -7.5233353e-01
  -7.5232778e-01
  -7.5232206e-01
  -7.5232059e-01
  -7.5231656e-01
  -7.5231122e-01
  -7.5230573e-01
  -7.5229950e-01
  -7.5229161e-01
  -7.5229133e-01
  -7.5228069e-01
  -7.5226474e-01
  -7.5224137e-01
  -7.5224096e-01
  -7.5220533e-01
  -7.5215834e-01
  -7.5215218e-01
  -7.5207347e-01
  -7.5202180e-01
  -7.5195818e-01
  -7.5180017e-01
  -7.5179198e-01
  -7.5155804e-01
  -7.5144975e-01
  -7.5123919e-01
  -7.5091807e-01
  -7.5082158e-01
  -7.5030093e-01
  -7.5015559e-01
  -7.4968061e-01
  -7.4916899e-01
  -7.4896771e-01
  -7.4817393e-01
  -7.3711235e-01
  -7.3711108e-01
  -7.3710877e-01
  -7.3710681e-01
  -7.3710082e-01
  -7.3709770e-01
  -7.3709400e-01
  -7.3708693e-01
  -7.3707988e-01
  -7.3707524e-01
  -7.3707291e-01
  -7.3706578e-01
  -7.3705802e-01
  -7.3704880e-01
  -7.3703693e-01
  -7.3703531e-01
  -7.3702065e-01
  -7.3699751e-01
  -7.3696815e-01
  -7.3696408e-01
  -7.3691557e-01
  -7.3685809e-01
  -7.3684537e-01
  -7.3674456e-01
  -7.3668119e-01
  -7.3660162e-01
  -7.3640407e-01
  -7.3640281e-01
  -7.3613355e-01
  -7.3598592e-01
  -7.3578076e-01
  -7.3538625e-01
  -7.3533659e-01
  -7.3480269e-01
  -7.3458869e-01
  -7.3418658e-01
  -7.3385381e-01
  -7.3349690e-01
  -7.3293834e-01
  -7.2189307e-01
  -7.2189280e-01
  -7.2188926e-01
  -7.2188614e-01
  -7.2188298e-01
  -7.2187534e-01
  -7.2186974e-01
  -7.2186707e-01
  -7.2185859e-01
  -7.2185006e-01
  -7.2184135e-01
  -7.2183854e-01
  -7.2183210e-01
  -7.2182159e-01
  -7.2180879e-01
  -7.2179216e-01
  -7.2178467e-01
  -7.2176957e-01
  -7.2173808e-01
  -7.2169588e-01
  -7.2169363e-01
  -7.2163074e-01
  -7.2155372e-01
  -7.2154210e-01
  -7.2141836e-01
  -7.2133241e-01
  -7.2124825e-01
  -7.2101939e-01
  -7.2099985e-01
  -7.2071995e-01
  -7.2052272e-01
  -7.2034093e-01
  -7.1988129e-01
  -7.1988010e-01
  -7.1934234e-01
  -7.1912824e-01
  -7.1874091e-01
  -7.1812728e-01
  -7.0666466e-01
  -7.0666199e-01
  -7.0666193e-01
  -7.0665579e-01
  -7.0665102e-01
  -7.0664763e-01
  -7.0663839e-01
  -7.0662865e-01
  -7.0662748e-01
  -7.0661869e-01
  -7.0660850e-01
  -7.0659782e-01
  -7.0658609e-01
  -7.0658494e-01
  -7.0657240e-01
  -7.0655543e-01
  -7.0653333e-01
  -7.0651367e-01
  -7.0650359e-01
  -7.0646277e-01
  -7.0640628e-01
  -7.0639919e-01
  -7.0632810e-01
  -7.0622137e-01
  -7.0622054e-01
  -7.0607432e-01
  -7.0595472e-01
  -7.0587898e-01
  -7.0562396e-01
  -7.0557166e-01
  -7.0530029e-01
  -7.0505165e-01
  -7.0490305e-01
  -7.0443483e-01
  -7.0440770e-01
  -7.0390566e-01
  -7.0383977e-01
  -7.0334247e-01
  -7.0290726e-01
  -6.9144085e-01
  -6.9143994e-01
  -6.9143471e-01
  -6.9143448e-01
  -6.9142619e-01
  -6.9141791e-01
  -6.9141626e-01
  -6.9140546e-01
  -6.9139421e-01
  -6.9138510e-01
  -6.9138265e-01
  -6.9137063e-01
  -6.9135770e-01
  -6.9134313e-01
  -6.9132841e-01
  -6.9132578e-01
  -6.9130408e-01
  -6.9127585e-01
  -6.9123818e-01
  -6.9123634e-01
  -6.9118721e-01
  -6.9111793e-01
  -6.9109294e-01
  -6.9102398e-01
  -6.9089766e-01
  -6.9087782e-01
  -6.9073011e-01
  -6.9056819e-01
  -6.9051205e-01
  -6.9023493e-01
  -6.9014464e-01
  -6.8989271e-01
  -6.8960630e-01
  -6.8948476e-01
  -6.8902072e-01
  -6.8901784e-01
  -6.8851098e-01
  -6.8802788e-01
  -6.7621311e-01
  -6.7621128e-01
  -6.7620898e-01
  -6.7620104e-01
  -6.7620041e-01
  -6.7619078e-01
  -6.7617917e-01
  -6.7617603e-01
  -6.7616683e-01
  -6.7615403e-01
  -6.7614076e-01
  -6.7613166e-01
  -6.7612671e-01
  -6.7611129e-01
  -6.7609354e-01
  -6.7607212e-01
  -6.7605805e-01
  -6.7604519e-01
  -6.7601026e-01
  -6.7596408e-01
  -6.7594240e-01
  -6.7590244e-01
  -6.7582007e-01
  -6.7576827e-01
  -6.7571049e-01
  -6.7556624e-01
  -6.7551677e-01
  -6.7537919e-01
  -6.7517035e-01
  -6.7514143e-01
  -6.7484655e-01
  -6.7472193e-01
  -6.7449173e-01
  -6.7419904e-01
  -6.7408078e-01
  -6.7375544e-01
  -6.7362657e-01
  -6.7316435e-01
  -6.7282121e-01
  -6.6098728e-01
  -6.6098528e-01
  -6.6098163e-01
  -6.6097827e-01
  -6.6096809e-01
  -6.6096456e-01
  -6.6095599e-01
  -6.6094278e-01
  -6.6093070e-01
  -6.6092891e-01
  -6.6091450e-01
  -6.6089940e-01
  -6.6088314e-01
  -6.6087246e-01
  -6.6086497e-01
  -6.6084373e-01
  -6.6081787e-01
  -6.6078528e-01
  -6.6077948e-01
  -6.6074321e-01
  -6.6068811e-01
  -6.6063838e-01
  -6.6061555e-01
  -6.6052011e-01
  -6.6043349e-01
  -6.6039543e-01
  -6.6023444e-01
  -6.6014928e-01
  -6.6002994e-01
  -6.5977625e-01
  -6.5977557e-01
  -6.5946732e-01
  -6.5932469e-01
  -6.5910608e-01
  -6.5886240e-01
  -6.5870039e-01
  -6.5827295e-01
  -6.5788697e-01
  -6.4575899e-01
  -6.4575794e-01
  -6.4575360e-01
  -6.4574723e-01
  -6.4574402e-01
  -6.4573180e-01
  -6.4572238e-01
  -6.4571801e-01
  -6.4570326e-01
  -6.4568786e-01
  -6.4567710e-01
  -6.4567179e-01
  -6.4565474e-01
  -6.4563611e-01
  -6.4561497e-01
  -6.4560289e-01
  -6.4558998e-01
  -6.4555938e-01
  -6.4552082e-01
  -6.4548878e-01
  -6.4547132e-01
  -6.4540714e-01
  -6.4532368e-01
  -6.4532170e-01
  -6.4521554e-01
  -6.4508810e-01
  -6.4507658e-01
  -6.4490032e-01
  -6.4477784e-01
  -6.4468065e-01
  -6.4441301e-01
  -6.4439256e-01
  -6.4409623e-01
  -6.4396556e-01
  -6.4373541e-01
  -6.4361517e-01
  -6.4334556e-01
  -6.4296414e-01
  -6.4269043e-01
  -6.3053226e-01
  -6.3052928e-01
  -6.3052709e-01
  -6.3052089e-01
  -6.3050999e-01
  -6.3050901e-01
  -6.3049496e-01
  -6.3047958e-01
  -6.3047571e-01
  -6.3046335e-01
  -6.3044642e-01
  -6.3042863e-01
  -6.3041719e-01
  -6.3040955e-01
  -6.3038840e-01
  -6.3036411e-01
  -6.3033516e-01
  -6.3032537e-01
  -6.3029958e-01
  -6.3025485e-01
  -6.3019779e-01
  -6.3018929e-01
  -6.3012452e-01
  -6.3003038e-01
  -6.2999722e-01
  -6.2991007e-01
  -6.2975782e-01
  -6.2973922e-01
  -6.2956788e-01
  -6.2941262e-01
  -6.2933548e-01
  -6.2905822e-01
  -6.2903365e-01
  -6.2873831e-01
  -6.2866407e-01
  -6.2838572e-01
  -6.2802466e-01
  -6.2771250e-01
  -6.1530331e-01
  -6.1530296e-01
  -6.1529681e-01
  -6.1529255e-01
  -6.1528578e-01
  -6.1527186e-01
  -6.1526765e-01
  -6.1525614e-01
  -6.1523930e-01
  -6.1522238e-01
  -6.1522164e-01
  -6.1520318e-01
  -6.1518364e-01
  -6.1516243e-01
  -6.1514914e-01
  -6.1513866e-01
  -6.1511108e-01
  -6.1507802e-01
  -6.1503873e-01
  -6.1503734e-01
  -6.1498635e-01
  -6.1492173e-01
  -6.1488100e-01
  -6.1483950e-01
  -6.1473505e-01
  -6.1466666e-01
  -6.1460325e-01
  -6.1443882e-01
  -6.1439087e-01
  -6.1423699e-01
  -6.1406065e-01
  -6.1399462e-01
  -6.1371193e-01
  -6.1370999e-01
  -6.1343017e-01
  -6.1339513e-01
  -6.1306037e-01
  -6.1274389e-01
  -6.1252310e-01
  -6.0007632e-01
  -6.0007249e-01
  -6.0007168e-01
  -6.0006292e-01
  -6.0005481e-01
  -6.0004959e-01
  -6.0003386e-01
  -6.0002076e-01
  -6.0001664e-01
  -5.9999843e-01
  -5.9997940e-01
  -5.9996314e-01
  -5.9995942e-01
  -5.9993810e-01
  -5.9991472e-01
  -5.9988824e-01
  -5.9987416e-01
  -5.9985728e-01
  -5.9982003e-01
  -5.9977419e-01
  -5.9974506e-01
  -5.9971692e-01
  -5.9964482e-01
  -5.9956732e-01
  -5.9955386e-01
  -5.9943952e-01
  -5.9933520e-01
  -5.9929699e-01
  -5.9912164e-01
  -5.9905052e-01
  -5.9890997e-01
  -5.9873210e-01
  -5.9866084e-01
  -5.9843348e-01
  -5.9837760e-01
  -5.9807111e-01
  -5.9776546e-01
  -5.9751036e-01
  -5.8484724e-01
  -5.8484692e-01
  -5.8483948e-01
  -5.8483727e-01
  -5.8482725e-01
  -5.8481278e-01
  -5.8481192e-01
  -5.8479461e-01
  -5.8477604e-01
  -5.8476836e-01
  -5.8475656e-01
  -5.8473621e-01
  -5.8471474e-01
  -5.8469740e-01
  -5.8469163e-01
  -5.8466604e-01
  -5.8463682e-01
  -5.8460244e-01
  -5.8459231e-01
  -5.8456096e-01
  -5.8450995e-01
  -5.8444646e-01
  -5.8444541e-01
  -5.8436701e-01
  -5.8426760e-01
  -5.8425068e-01
  -5.8414387e-01
  -5.8400704e-01
  -5.8399148e-01
  -5.8380672e-01
  -5.8372445e-01
  -5.8358763e-01
  -5.8343497e-01
  -5.8333552e-01
  -5.8320916e-01
  -5.8305743e-01
  -5.8276975e-01
  -5.8250574e-01
  -5.8232576e-01
  -5.6962017e-01
  -5.6961609e-01
  -5.6961558e-01
  -5.6960505e-01
  -5.6959975e-01
  -5.6959054e-01
  -5.6957348e-01
  -5.6956655e-01
  -5.6955479e-01
  -5.6953501e-01
  -5.6951436e-01
  -5.6951082e-01
  -5.6949276e-01
  -5.6946984e-01
  -5.6944495e-01
  -5.6942599e-01
  -5.6941715e-01
  -5.6938518e-01
  -5.6934736e-01
  -5.6930519e-01
  -5.6930165e-01
  -5.6924549e-01
  -5.6917585e-01
  -5.6914248e-01
  -5.6908921e-01
  -5.6898165e-01
  -5.6893518e-01
  -5.6884912e-01
  -5.6868793e-01
  -5.6868793e-01
  -5.6849557e-01
  -5.6841998e-01
  -5.6827197e-01
  -5.6817649e-01
  -5.6802135e-01
  -5.6775491e-01
  -5.6749552e-01
  -5.6728516e-01
  -5.5439160e-01
  -5.5439064e-01
  -5.5438243e-01
  -5.5438222e-01
  -5.5436926e-01
  -5.5435856e-01
  -5.5435282e-01
  -5.5433429e-01
  -5.5431575e-01
  -5.5431441e-01
  -5.5429357e-01
  -5.5427185e-01
  -5.5424906e-01
  -5.5424809e-01
  -5.5422472e-01
  -5.5419808e-01
  -5.5416809e-01
  -5.5414947e-01
  -5.5413336e-01
  -5.5409212e-01
  -5.5404218e-01
  -5.5401422e-01
  -5.5398091e-01
  -5.5390520e-01
  -5.5383880e-01
  -5.5381154e-01
  -5.5369621e-01
  -5.5362464e-01
  -5.5355561e-01
  -5.5338696e-01
  -5.5338306e-01
  -5.5318923e-01
  -5.5314295e-01
  -5.5296461e-01
  -5.5295898e-01
  -5.5272060e-01
  -5.5247315e-01
  -5.5225178e-01
  -5.5210364e-01
  -5.3916451e-01
  -5.3916105e-01
  -5.3915928e-01
  -5.3914799e-01
  -5.3914551e-01
  -5.3913261e-01
  -5.3911456e-01
  -5.3911370e-01
  -5.3909480e-01
  -5.3907390e-01
  -5.3906065e-01
  -5.3905213e-01
  -5.3902945e-01
  -5.3900554e-01
  -5.3898093e-01
  -5.3897984e-01
  -5.3895149e-01
  -5.3891933e-01
  -5.3888186e-01
  -5.3886925e-01
  -5.3883719e-01
  -5.3878304e-01
  -5.3872169e-01
  -5.3871667e-01
  -5.3863496e-01
  -5.3853771e-01
  -5.3853450e-01
  -5.3841188e-01
  -5.3832360e-01
  -5.3826418e-01
  -5.3809778e-01
  -5.3808975e-01
  -5.3789770e-01
  -5.3788934e-01
  -5.3766775e-01
  -5.3743611e-01
  -5.3721542e-01
  -5.3704058e-01
  -5.2393678e-01
  -5.2393522e-01
  -5.2392815e-01
  -5.2392639e-01
  -5.2391253e-01
  -5.2390569e-01
  -5.2389532e-01
  -5.2387594e-01
  -5.2386509e-01
  -5.2385517e-01
  -5.2383344e-01
  -5.2381087e-01
  -5.2380152e-01
  -5.2378731e-01
  -5.2376237e-01
  -5.2373536e-01
  -5.2371011e-01
  -5.2370533e-01
  -5.2367101e-01
  -5.2363080e-01
  -5.2358682e-01
  -5.2358269e-01
  -5.2352431e-01
  -5.2345286e-01
  -5.2342996e-01
  -5.2336526e-01
  -5.2325831e-01
  -5.2324255e-01
  -5.2312907e-01
  -5.2303619e-01
  -5.2297551e-01
  -5.2283618e-01
  -5.2279739e-01
  -5.2268504e-01
  -5.2259750e-01
  -5.2238352e-01
  -5.2217046e-01
  -5.2198395e-01
  -5.2186096e-01
  -5.0871005e-01
  -5.0870726e-01
  -5.0870427e-01
  -5.0869276e-01
  -5.0869243e-01
  -5.0867646e-01
  -5.0866278e-01
  -5.0865776e-01
  -5.0863732e-01
  -5.0861575e-01
  -5.0861303e-01
  -5.0859333e-01
  -5.0857009e-01
  -5.0854576e-01
  -5.0853906e-01
  -5.0851985e-01
  -5.0849158e-01
  -5.0845990e-01
  -5.0843691e-01
  -5.0842342e-01
  -5.0838045e-01
  -5.0832887e-01
  -5.0830417e-01
  -5.0826622e-01
  -5.0818972e-01
  -5.0814182e-01
  -5.0809639e-01
  -5.0798339e-01
  -5.0795688e-01
  -5.0784845e-01
  -5.0776630e-01
  -5.0769063e-01
  -5.0760083e-01
  -5.0751130e-01
  -5.0731559e-01
  -5.0711420e-01
  -5.0692596e-01
  -5.0677965e-01
  -4.9348348e-01
  -4.9348134e-01
  -4.9347572e-01
  -4.9347204e-01
  -4.9345773e-01
  -4.9345478e-01
  -4.9344005e-01
  -4.9342018e-01
  -4.9341685e-01
  -4.9339892e-01
  -4.9337674e-01
  -4.9335791e-01
  -4.9335379e-01
  -4.9332998e-01
  -4.9330497e-01
  -4.9327815e-01
  -4.9327413e-01
  -4.9324865e-01
  -4.9321532e-01
  -4.9317667e-01
  -4.9316276e-01
  -4.9313088e-01
  -4.9307576e-01
  -4.9302342e-01
  -4.9300883e-01
  -4.9292734e-01
  -4.9286007e-01
  -4.9282858e-01
  -4.9271017e-01
  -4.9268393e-01
  -4.9257073e-01
  -4.9251674e-01
  -4.9241059e-01
  -4.9239169e-01
  -4.9223298e-01
  -4.9204546e-01
  -4.9186183e-01
  -4.9170404e-01
  -4.9160112e-01
  -4.7825742e-01
  -4.7825535e-01
  -4.7825117e-01
  -4.7824209e-01
  -4.7823896e-01
  -4.7822266e-01
  -4.7821427e-01
  -4.7820364e-01
  -4.7818289e-01
  -4.7816825e-01
  -4.7816103e-01
  -4.7813841e-01
  -4.7811506e-01
  -4.7810044e-01
  -4.7809079e-01
  -4.7806516e-01
  -4.7803747e-01
  -4.7800790e-01
  -4.7800676e-01
  -4.7797175e-01
  -4.7793086e-01
  -4.7788941e-01
  -4.7788219e-01
  -4.7782348e-01
  -4.7775225e-01
  -4.7774688e-01
  -4.7766594e-01
  -4.7758751e-01
  -4.7756217e-01
  -4.7743926e-01
  -4.7742651e-01
  -4.7729681e-01
  -4.7728895e-01
  -4.7713667e-01
  -4.7696403e-01
  -4.7678896e-01
  -4.7662804e-01
  -4.7650487e-01
  -4.6303229e-01
  -4.6302959e-01
  -4.6302552e-01
  -4.6301994e-01
  -4.6300633e-01
  -4.6300539e-01
  -4.6298752e-01
  -4.6297142e-01
  -4.6296749e-01
  -4.6294611e-01
  -4.6292386e-01
  -4.6291744e-01
  -4.6290095e-01
  -4.6287732e-01
  -4.6285268e-01
  -4.6284146e-01
  -4.6282648e-01
  -4.6279794e-01
  -4.6276598e-01
  -4.6274170e-01
  -4.6272924e-01
  -4.6268604e-01
  -4.6263439e-01
  -4.6261869e-01
  -4.6257203e-01
  -4.6249658e-01
  -4.6247686e-01
  -4.6240573e-01
  -4.6232664e-01
  -4.6229761e-01
  -4.6218650e-01
  -4.6217134e-01
  -4.6208244e-01
  -4.6202772e-01
  -4.6187019e-01
  -4.6170601e-01
  -4.6154763e-01
  -4.6141364e-01
  -4.6132694e-01
  -4.4780715e-01
  -4.4780585e-01
  -4.4780050e-01
  -4.4779398e-01
  -4.4778809e-01
  -4.4777168e-01
  -4.4776859e-01
  -4.4775262e-01
  -4.4773188e-01
  -4.4772658e-01
  -4.4771011e-01
  -4.4768764e-01
  -4.4766510e-01
  -4.4766457e-01
  -4.4764075e-01
  -4.4761579e-01
  -4.4758904e-01
  -4.4758205e-01
  -4.4755963e-01
  -4.4752638e-01
  -4.4748783e-01
  -4.4747704e-01
  -4.4744221e-01
  -4.4738751e-01
  -4.4735253e-01
  -4.4732151e-01
  -4.4724201e-01
  -4.4721555e-01
  -4.4714707e-01
  -4.4707944e-01
  -4.4703547e-01
  -4.4696463e-01
  -4.4690726e-01
  -4.4676457e-01
  -4.4661252e-01
  -4.4646038e-01
  -4.4632257e-01
  -4.4621837e-01
  -4.3258371e-01
  -4.3258046e-01
  -4.3257802e-01
  -4.3257058e-01
  -4.3256076e-01
  -4.3255597e-01
  -4.3253814e-01
  -4.3252909e-01
  -4.3251823e-01
  -4.3249704e-01
  -4.3248026e-01
  -4.3247506e-01
  -4.3245253e-01
  -4.3242941e-01
  -4.3241204e-01
  -4.3240547e-01
  -4.3238022e-01
  -4.3235292e-01
  -4.3232341e-01
  -4.3232259e-01
  -4.3228796e-01
  -4.3224749e-01
  -4.3221548e-01
  -4.3219936e-01
  -4.3214156e-01
  -4.3209280e-01
  -4.3207200e-01
  -4.3198876e-01
  -4.3196485e-01
  -4.3189038e-01
  -4.3184716e-01
  -4.3177640e-01
  -4.3176021e-01
  -4.3164796e-01
  -4.3150853e-01
  -4.3136496e-01
  -4.3122829e-01
  -4.3111417e-01
  -4.3104074e-01
  -4.1735971e-01
  -4.1735920e-01
  -4.1735271e-01
  -4.1734884e-01
  -4.1734022e-01
  -4.1732605e-01
  -4.1732391e-01
  -4.1730504e-01
  -4.1728822e-01
  -4.1728459e-01
  -4.1726317e-01
  -4.1724116e-01
  -4.1723310e-01
  -4.1721868e-01
  -4.1719560e-01
  -4.1717158e-01
  -4.1715924e-01
  -4.1714604e-01
  -4.1711814e-01
  -4.1708682e-01
  -4.1706683e-01
  -4.1705071e-01
  -4.1700822e-01
  -4.1695862e-01
  -4.1695750e-01
  -4.1689662e-01
  -4.1684122e-01
  -4.1682370e-01
  -4.1673718e-01
  -4.1672617e-01
  -4.1663621e-01
  -4.1663007e-01
  -4.1652120e-01
  -4.1639441e-01
  -4.1626075e-01
  -4.1612861e-01
  -4.1601043e-01
  -4.1592193e-01
  -4.0213815e-01
  -4.0213436e-01
  -4.0213361e-01
  -4.0212432e-01
  -4.0211840e-01
  -4.0210979e-01
  -4.0209220e-01
  -4.0209011e-01
  -4.0207264e-01
  -4.0205189e-01
  -4.0204648e-01
  -4.0203044e-01
  -4.0200855e-01
  -4.0198621e-01
  -4.0198585e-01
  -4.0196322e-01
  -4.0193913e-01
  -4.0191326e-01
  -4.0190775e-01
  -4.0188470e-01
  -4.0185229e-01
  -4.0181459e-01
  -4.0181364e-01
  -4.0176998e-01
  -4.0171665e-01
  -4.0170797e-01
  -4.0165281e-01
  -4.0159919e-01
  -4.0157685e-01
  -4.0150027e-01
  -4.0148770e-01
  -4.0142740e-01
  -4.0138520e-01
  -4.0127069e-01
  -4.0114761e-01
  -4.0102225e-01
  -4.0090431e-01
  -4.0080690e-01
  -4.0074443e-01
  -3.8691577e-01
  -3.8691545e-01
  -3.8690813e-01
  -3.8690700e-01
  -3.8689567e-01
  -3.8688691e-01
  -3.8687959e-01
  -3.8686111e-01
  -3.8685332e-01
  -3.8684115e-01
  -3.8682032e-01
  -3.8680446e-01
  -3.8679901e-01
  -3.8677733e-01
  -3.8675521e-01
  -3.8673939e-01
  -3.8673232e-01
  -3.8670813e-01
  -3.8668188e-01
  -3.8665867e-01
  -3.8665257e-01
  -3.8661895e-01
  -3.8657957e-01
  -3.8656515e-01
  -3.8653278e-01
  -3.8647689e-01
  -3.8646486e-01
  -3.8641030e-01
  -3.8636770e-01
  -3.8633180e-01
  -3.8628716e-01
  -3.8624084e-01
  -3.8613804e-01
  -3.8602573e-01
  -3.8590851e-01
  -3.8579389e-01
  -3.8569247e-01
  -3.8561709e-01
  -3.7169592e-01
  -3.7169258e-01
  -3.7169158e-01
  -3.7168144e-01
  -3.7167951e-01
  -3.7166710e-01
  -3.7165464e-01
  -3.7164989e-01
  -3.7163086e-01
  -3.7161617e-01
  -3.7161074e-01
  -3.7159002e-01
  -3.7156896e-01
  -3.7156287e-01
  -3.7154759e-01
  -3.7152570e-01
  -3.7150290e-01
  -3.7149464e-01
  -3.7147858e-01
  -3.7145187e-01
  -3.7142170e-01
  -3.7141314e-01
  -3.7138677e-01
  -3.7134562e-01
  -3.7132257e-01
  -3.7129666e-01
  -3.7123835e-01
  -3.7123032e-01
  -3.7116938e-01
  -3.7114720e-01
  -3.7108896e-01
  -3.7108607e-01
  -3.7099718e-01
  -3.7089548e-01
  -3.7078717e-01
  -3.7067793e-01
  -3.7057623e-01
  -3.7049298e-01
  -3.7043967e-01
  -3.5647580e-01
  -3.5647462e-01
  -3.5646868e-01
  -3.5646701e-01
  -3.5645464e-01
  -3.5645135e-01
  -3.5643890e-01
  -3.5642199e-01
  -3.5642094e-01
  -3.5640163e-01
  -3.5638156e-01
  -3.5637922e-01
  -3.5636110e-01
  -3.5634039e-01
  -3.5632248e-01
  -3.5631936e-01
  -3.5629771e-01
  -3.5627497e-01
  -3.5625255e-01
  -3.5625043e-01
  -3.5622316e-01
  -3.5619203e-01
  -3.5617222e-01
  -3.5615572e-01
  -3.5611277e-01
  -3.5608690e-01
  -3.5606173e-01
  -3.5600502e-01
  -3.5600125e-01
  -3.5593752e-01
  -3.5593037e-01
  -3.5584882e-01
  -3.5575735e-01
  -3.5565825e-01
  -3.5555576e-01
  -3.5545649e-01
  -3.5536948e-01
  -3.5530518e-01
  -3.4125724e-01
  -3.4125514e-01
  -3.4125235e-01
  -3.4124425e-01
  -3.4124213e-01
  -3.4122804e-01
  -3.4122283e-01
  -3.4121132e-01
  -3.4119293e-01
  -3.4118941e-01
  -3.4117358e-01
  -3.4115373e-01
  -3.4114311e-01
  -3.4113364e-01
  -3.4111333e-01
  -3.4109266e-01
  -3.4108408e-01
  -3.4107123e-01
  -3.4104849e-01
  -3.4102365e-01
  -3.4101405e-01
  -3.4099572e-01
  -3.4096354e-01
  -3.4093685e-01
  -3.4092579e-01
  -3.4088109e-01
  -3.4085891e-01
  -3.4082813e-01
  -3.4078919e-01
  -3.4076584e-01
  -3.4073793e-01
  -3.4069368e-01
  -3.4061191e-01
  -3.4052200e-01
  -3.4042705e-01
  -3.4033214e-01
  -3.4024457e-01
  -3.4017341e-01
  -3.4012785e-01
  -3.2603948e-01
  -3.2603742e-01
  -3.2603406e-01
  -3.2602952e-01
  -3.2601950e-01
  -3.2601726e-01
  -3.2600193e-01
  -3.2599431e-01
  -3.2598458e-01
  -3.2596602e-01
  -3.2595741e-01
  -3.2594682e-01
  -3.2592732e-01
  -3.2590849e-01
  -3.2590767e-01
  -3.2588781e-01
  -3.2586748e-01
  -3.2584848e-01
  -3.2584622e-01
  -3.2582340e-01
  -3.2579817e-01
  -3.2577999e-01
  -3.2576950e-01
  -3.2573621e-01
  -3.2570781e-01
  -3.2569702e-01
  -3.2565067e-01
  -3.2563904e-01
  -3.2559607e-01
  -3.2558258e-01
  -3.2553247e-01
  -3.2545976e-01
  -3.2537880e-01
  -3.2529176e-01
  -3.2520249e-01
  -3.2511676e-01
  -3.2504220e-01
  -3.2498733e-01
  -3.1082226e-01
  -3.1082142e-01
  -3.1081678e-01
  -3.1081274e-01
  -3.1080649e-01
  -3.1079474e-01
  -3.1079270e-01
  -3.1077652e-01
  -3.1076621e-01
  -3.1075885e-01
  -3.1074034e-01
  -3.1072655e-01
  -3.1072144e-01
  -3.1070239e-01
  -3.1068323e-01
  -3.1067608e-01
  -3.1066381e-01
  -3.1064379e-01
  -3.1062264e-01
  -3.1061645e-01
  -3.1059966e-01
  -3.1057396e-01
  -3.1055114e-01
  -3.1054447e-01
  -3.1051005e-01
  -3.1048564e-01
  -3.1046949e-01
  -3.1042736e-01
  -3.1042171e-01
  -3.1038448e-01
  -3.1036583e-01
  -3.1030150e-01
  -3.1022909e-01
  -3.1015004e-01
  -3.1006719e-01
  -3.0998505e-01
  -3.0990985e-01
  -3.0984910e-01
  -3.0981017e-01
  -2.9560691e-01
  -2.9560394e-01
  -2.9560322e-01
  -2.9559572e-01
  -2.9559143e-01
  -2.9558359e-01
  -2.9557030e-01
  -2.9556870e-01
  -2.9555201e-01
  -2.9553902e-01
  -2.9553426e-01
  -2.9551598e-01
  -2.9549751e-01
  -2.9549745e-01
  -2.9547897e-01
  -2.9546031e-01
  -2.9544654e-01
  -2.9544131e-01
  -2.9542155e-01
  -2.9540044e-01
  -2.9538869e-01
  -2.9537722e-01
  -2.9535097e-01
  -2.9532806e-01
  -2.9532064e-01
  -2.9528512e-01
  -2.9527061e-01
  -2.9524334e-01
  -2.9522356e-01
  -2.9519440e-01
  -2.9513772e-01
  -2.9507335e-01
  -2.9500215e-01
  -2.9492615e-01
  -2.9484878e-01
  -2.9477505e-01
  -2.9471133e-01
  -2.9466458e-01
  -2.8039151e-01
  -2.8039103e-01
  -2.8038504e-01
  -2.8038495e-01
  -2.8037458e-01
  -2.8037039e-01
  -2.8036108e-01
  -2.8034660e-01
  -2.8034546e-01
  -2.8032854e-01
  -2.8031323e-01
  -2.8031092e-01
  -2.8029301e-01
  -2.8027504e-01
  -2.8027067e-01
  -2.8025704e-01
  -2.8023889e-01
  -2.8022050e-01
  -2.8022027e-01
  -2.8020071e-01
  -2.8017957e-01
  -2.8016576e-01
  -2.8015604e-01
  -2.8012921e-01
  -2.8011113e-01
  -2.8009804e-01
  -2.8006269e-01
  -2.8006153e-01
  -2.8002700e-01
  -2.8001875e-01
  -2.7996901e-01
  -2.7991210e-01
  -2.7984845e-01
  -2.7977943e-01
  -2.7970760e-01
  -2.7963688e-01
  -2.7957257e-01
  -2.7952086e-01
  -2.7948767e-01
  -2.6517814e-01
  -2.6517619e-01
  -2.6517422e-01
  -2.6516714e-01
  -2.6516565e-01
  -2.6515363e-01
  -2.6514998e-01
  -2.6513917e-01
  -2.6512406e-01
  -2.6512315e-01
  -2.6510623e-01
  -2.6508936e-01
  -2.6508890e-01
  -2.6507146e-01
  -2.6505405e-01
  -2.6504680e-01
  -2.6503660e-01
  -2.6501893e-01
  -2.6500064e-01
  -2.6499853e-01
  -2.6498122e-01
  -2.6495999e-01
  -2.6494811e-01
  -2.6493611e-01
  -2.6490869e-01
  -2.6490051e-01
  -2.6487676e-01
  -2.6486155e-01
  -2.6483941e-01
  -2.6479592e-01
  -2.6474586e-01
  -2.6468934e-01
  -2.6462723e-01
  -2.6456136e-01
  -2.6449476e-01
  -2.6443169e-01
  -2.6437750e-01
  -2.6433781e-01
  -2.4996539e-01
  -2.4996358e-01
  -2.4996115e-01
  -2.4995685e-01
  -2.4994980e-01
  -2.4994636e-01
  -2.4993313e-01
  -2.4993056e-01
  -2.4991807e-01
  -2.4990312e-01
  -2.4990190e-01
  -2.4988517e-01
  -2.4986825e-01
  -2.4986791e-01
  -2.4985136e-01
  -2.4983452e-01
  -2.4982635e-01
  -2.4981762e-01
  -2.4980039e-01
  -2.4978239e-01
  -2.4978107e-01
  -2.4976305e-01
  -2.4974167e-01
  -2.4973598e-01
  -2.4971744e-01
  -2.4969608e-01
  -2.4968947e-01
  -2.4966660e-01
  -2.4965690e-01
  -2.4961896e-01
  -2.4957512e-01
  -2.4952526e-01
  -2.4946982e-01
  -2.4941009e-01
  -2.4934831e-01
  -2.4928788e-01
  -2.4923323e-01
  -2.4918945e-01
  -2.4916128e-01
  -2.3475314e-01
  -2.3475296e-01
  -2.3474822e-01
  -2.3474663e-01
  -2.3473928e-01
  -2.3473332e-01
  -2.3472732e-01
  -2.3471327e-01
  -2.3471251e-01
  -2.3469790e-01
  -2.3468424e-01
  -2.3468180e-01
  -2.3466540e-01
  -2.3464937e-01
  -2.3464900e-01
  -2.3463269e-01
  -2.3461644e-01
  -2.3460976e-01
  -2.3460007e-01
  -2.3458323e-01
  -2.3456842e-01
  -2.3456547e-01
  -2.3454617e-01
  -2.3452943e-01
  -2.3452463e-01
  -2.3450006e-01
  -2.3449750e-01
  -2.3447164e-01
  -2.3443861e-01
  -2.3440038e-01
  -2.3435663e-01
  -2.3430755e-01
  -2.3425392e-01
  -2.3419738e-01
  -2.3414056e-01
  -2.3408706e-01
  -2.3404130e-01
  -2.3400781e-01
  -2.1954305e-01
  -2.1954103e-01
  -2.1953986e-01
  -2.1953291e-01
  -2.1953243e-01
  -2.1952177e-01
  -2.1951805e-01
  -2.1950877e-01
  -2.1949623e-01
  -2.1949423e-01
  -2.1947878e-01
  -2.1946785e-01
  -2.1946292e-01
  -2.1944698e-01
  -2.1943416e-01
  -2.1943114e-01
  -2.1941544e-01
  -2.1939977e-01
  -2.1939737e-01
  -2.1938389e-01
  -2.1936742e-01
  -2.1936074e-01
  -2.1934985e-01
  -2.1933058e-01
  -2.1932830e-01
  -2.1930890e-01
  -2.1930424e-01
  -2.1928406e-01
  -2.1925533e-01
  -2.1922209e-01
  -2.1918392e-01
  -2.1914076e-01
  -2.1909306e-01
  -2.1904196e-01
  -2.1898941e-01
  -2.1893828e-01
  -2.1889227e-01
  -2.1885551e-01
  -2.1883179e-01
  -2.0433347e-01
  -2.0433186e-01
  -2.0432984e-01
  -2.0432590e-01
  -2.0432027e-01
  -2.0431651e-01
  -2.0430458e-01
  -2.0430433e-01
  -2.0429089e-01
  -2.0428212e-01
  -2.0427612e-01
  -2.0426080e-01
  -2.0425435e-01
  -2.0424532e-01
  -2.0422991e-01
  -2.0422261e-01
  -2.0421468e-01
  -2.0419959e-01
  -2.0418939e-01
  -2.0418448e-01
  -2.0416906e-01
  -2.0415802e-01
  -2.0415292e-01
  -2.0413553e-01
  -2.0413225e-01
  -2.0411629e-01
  -2.0409451e-01
  -2.0406953e-01
  -2.0404070e-01
  -2.0400755e-01
  -2.0396986e-01
  -2.0392781e-01
  -2.0388213e-01
  -2.0383424e-01
  -2.0378636e-01
  -2.0374150e-01
  -2.0370327e-01
  -2.0367531e-01
  -1.8912460e-01
  -1.8912439e-01
  -1.8911978e-01
  -1.8911965e-01
  -1.8911161e-01
  -1.8910902e-01
  -1.8910072e-01
  -1.8909254e-01
  -1.8908789e-01
  -1.8907381e-01
  -1.8907054e-01
  -1.8905905e-01
  -1.8904408e-01
  -1.8904401e-01
  -1.8902901e-01
  -1.8901499e-01
  -1.8901419e-01
  -1.8899959e-01
  -1.8898591e-01
  -1.8898511e-01
  -1.8897054e-01
  -1.8896007e-01
  -1.8895556e-01
  -1.8894078e-01
  -1.8893972e-01
  -1.8892252e-01
  -1.8890334e-01
  -1.8888158e-01
  -1.8885661e-01
  -1.8882793e-01
  -1.8879522e-01
  -1.8875846e-01
  -1.8871806e-01
  -1.8867502e-01
  -1.8863098e-01
  -1.8858835e-01
  -1.8855014e-01
  -1.8851968e-01
  -1.8849996e-01
  -1.7391762e-01
  -1.7391667e-01
  -1.7391420e-01
  -1.7391075e-01
  -1.7390715e-01
  -1.7389950e-01
  -1.7389725e-01
  -1.7388527e-01
  -1.7388299e-01
  -1.7387188e-01
  -1.7386183e-01
  -1.7385766e-01
  -1.7384308e-01
  -1.7383731e-01
  -1.7382846e-01
  -1.7381400e-01
  -1.7381143e-01
  -1.7379981e-01
  -1.7378685e-01
  -1.7378584e-01
  -1.7377196e-01
  -1.7376654e-01
  -1.7375791e-01
  -1.7374335e-01
  -1.7372783e-01
  -1.7371084e-01
  -1.7369182e-01
  -1.7367020e-01
  -1.7364546e-01
  -1.7361723e-01
  -1.7358535e-01
  -1.7355000e-01
  -1.7351180e-01
  -1.7347197e-01
  -1.7343233e-01
  -1.7339536e-01
  -1.7336393e-01
  -1.7334095e-01
  -1.5871175e-01
  -1.5870994e-01
  -1.5870931e-01
  -1.5870341e-01
  -1.5870324e-01
  -1.5869425e-01
  -1.5869201e-01
  -1.5868306e-01
  -1.5867602e-01
  -1.5867034e-01
  -1.5865667e-01
  -1.5865627e-01
  -1.5864253e-01
  -1.5863421e-01
  -1.5862827e-01
  -1.5861415e-01
  -1.5861195e-01
  -1.5860030e-01
  -1.5859200e-01
  -1.5858675e-01
  -1.5857697e-01
  -1.5857342e-01
  -1.5856012e-01
  -1.5854659e-01
  -1.5853245e-01
  -1.5851728e-01
  -1.5850057e-01
  -1.5848181e-01
  -1.5846052e-01
  -1.5843627e-01
  -1.5840883e-01
  -1.5837820e-01
  -1.5834474e-01
  -1.5830927e-01
  -1.5827316e-01
  -1.5823834e-01
  -1.5820725e-01
  -1.5818250e-01
  -1.5816641e-01
  -1.4350702e-01
  -1.4350530e-01
  -1.4350467e-01
  -1.4350002e-01
  -1.4349794e-01
  -1.4349182e-01
  -1.4348687e-01
  -1.4348135e-01
  -1.4347190e-01
  -1.4346925e-01
  -1.4345610e-01
  -1.4345405e-01
  -1.4344237e-01
  -1.4343488e-01
  -1.4342846e-01
  -1.4341643e-01
  -1.4341464e-01
  -1.4340110e-01
  -1.4340102e-01
  -1.4338789e-01
  -1.4337499e-01
  -1.4336229e-01
  -1.4334958e-01
  -1.4333656e-01
  -1.4332287e-01
  -1.4330810e-01
  -1.4329177e-01
  -1.4327345e-01
  -1.4325271e-01
  -1.4322925e-01
  -1.4320297e-01
  -1.4317402e-01
  -1.4314292e-01
  -1.4311064e-01
  -1.4307867e-01
  -1.4304895e-01
  -1.4302375e-01
  -1.4300532e-01
  -1.2830365e-01
  -1.2830237e-01
  -1.2830113e-01
  -1.2829767e-01
  -1.2829463e-01
  -1.2829008e-01
  -1.2828433e-01
  -1.2828022e-01
  -1.2827086e-01
  -1.2826866e-01
  -1.2825598e-01
  -1.2825530e-01
  -1.2824264e-01
  -1.2823926e-01
  -1.2822905e-01
  -1.2822466e-01
  -1.2821551e-01
  -1.2821347e-01
  -1.2820222e-01
  -1.2818929e-01
  -1.2817674e-01
  -1.2816451e-01
  -1.2815244e-01
  -1.2814032e-01
  -1.2812784e-01
  -1.2811465e-01
  -1.2810037e-01
  -1.2808457e-01
  -1.2806687e-01
  -1.2804695e-01
  -1.2802462e-01
  -1.2799988e-01
  -1.2797303e-01
  -1.2794473e-01
  -1.2791605e-01
  -1.2788852e-01
  -1.2786399e-01
  -1.2784449e-01
  -1.2783177e-01
  -1.1310192e-01
  -1.1310074e-01
  -1.1309959e-01
  -1.1309635e-01
  -1.1309373e-01
  -1.1308919e-01
  -1.1308464e-01
  -1.1307977e-01
  -1.1307303e-01
  -1.1306866e-01
  -1.1306006e-01
  -1.1305637e-01
  -1.1304724e-01
  -1.1304338e-01
  -1.1303628e-01
  -1.1303007e-01
  -1.1301677e-01
  -1.1300370e-01
  -1.1299100e-01
  -1.1297873e-01
  -1.1296685e-01
  -1.1295529e-01
  -1.1294386e-01
  -1.1293235e-01
  -1.1292046e-01
  -1.1290785e-01
  -1.1289418e-01
  -1.1287909e-01
  -1.1286226e-01
  -1.1284345e-01
  -1.1282258e-01
  -1.1279978e-01
  -1.1277545e-01
  -1.1275033e-01
  -1.1272555e-01
  -1.1270260e-01
  -1.1268318e-01
  -1.1266896e-01
  -9.7902065e-02
  -9.7900662e-02
  -9.7900317e-02
  -9.7896289e-02
  -9.7895485e-02
  -9.7889302e-02
  -9.7887961e-02
  -9.7880154e-02
  -9.7878506e-02
  -9.7869340e-02
  -9.7868241e-02
  -9.7858546e-02
  -9.7857348e-02
  -9.7850858e-02
  -9.7844624e-02
  -9.7831557e-02
  -9.7818459e-02
  -9.7805570e-02
  -9.7793050e-02
  -9.7780983e-02
  -9.7769385e-02
  -9.7758201e-02
  -9.7747317e-02
  -9.7736558e-02
  -9.7725697e-02
  -9.7714463e-02
  -9.7702555e-02
  -9.7689662e-02
  -9.7675488e-02
  -9.7659789e-02
  -9.7642418e-02
  -9.7623380e-02
  -9.7602890e-02
  -9.7581433e-02
  -9.7559803e-02
  -9.7539116e-02
  -9.7520741e-02
  -9.7506140e-02
  -9.7496569e-02
  -8.2704355e-02
  -8.2703550e-02
  -8.2702370e-02
  -8.2700092e-02
  -8.2697700e-02
  -8.2694415e-02
  -8.2690620e-02
  -8.2687269e-02
  -8.2681518e-02
  -8.2679682e-02
  -8.2672837e-02
  -8.2670830e-02
  -8.2659003e-02
  -8.2646453e-02
  -8.2633550e-02
  -8.2620602e-02
  -8.2607850e-02
  -8.2595465e-02
  -8.2583553e-02
  -8.2572156e-02
  -8.2561255e-02
  -8.2550778e-02
  -8.2540598e-02
  -8.2530544e-02
  -8.2520403e-02
  -8.2509931e-02
  -8.2498866e-02
  -8.2486946e-02
  -8.2473938e-02
  -8.2459668e-02
  -8.2444067e-02
  -8.2427213e-02
  -8.2409386e-02
  -8.2391110e-02
  -8.2373175e-02
  -8.2356620e-02
  -8.2342636e-02
  -8.2332377e-02
  -6.7509495e-02
  -6.7509026e-02
  -6.7507689e-02
  -6.7506117e-02
  -6.7504035e-02
  -6.7500819e-02
  -6.7499215e-02
  -6.7494109e-02
  -6.7493351e-02
  -6.7489674e-02
  -6.7484041e-02
  -6.7473272e-02
  -6.7461446e-02
  -6.7448945e-02
  -6.7436114e-02
  -6.7423246e-02
  -6.7410576e-02
  -6.7398279e-02
  -6.7386470e-02
  -6.7375211e-02
  -6.7364510e-02
  -6.7354327e-02
  -6.7344579e-02
  -6.7335141e-02
  -6.7325854e-02
  -6.7316528e-02
  -6.7306953e-02
  -6.7296911e-02
  -6.7286193e-02
  -6.7274627e-02
  -6.7262102e-02
  -6.7248608e-02
  -6.7234275e-02
  -6.7219413e-02
  -6.7204539e-02
  -6.7190385e-02
  -6.7177853e-02
  -6.7167897e-02
  -6.7161327e-02
  -5.2318353e-02
  -5.2318317e-02
  -5.2316773e-02
  -5.2316298e-02
  -5.2314143e-02
  -5.2312143e-02
  -5.2311161e-02
  -5.2305889e-02
  -5.2297721e-02
  -5.2287922e-02
  -5.2276832e-02
  -5.2264810e-02
  -5.2252202e-02
  -5.2239323e-02
  -5.2226445e-02
  -5.2213788e-02
  -5.2201523e-02
  -5.2189766e-02
  -5.2178589e-02
  -5.2168017e-02
  -5.2158037e-02
  -5.2148597e-02
  -5.2139614e-02
  -5.2130976e-02
  -5.2122542e-02
  -5.2114155e-02
  -5.2105644e-02
  -5.2096838e-02
  -5.2087583e-02
  -5.2077757e-02
  -5.2067300e-02
  -5.2056241e-02
  -5.2044730e-02
  -5.2033067e-02
  -5.2021715e-02
  -5.2011293e-02
  -5.2002509e-02
  -5.1996045e-02
  -3.7132493e-02
  -3.7132086e-02
  -3.7131760e-02
  -3.7130394e-02
  -3.7130127e-02
  -3.7126355e-02
  -3.7120677e-02
  -3.7113153e-02
  -3.7103964e-02
  -3.7093375e-02
  -3.7081695e-02
  -3.7069248e-02
  -3.7056346e-02
  -3.7043271e-02
  -3.7030268e-02
  -3.7017538e-02
  -3.7005236e-02
  -3.6993474e-02
  -3.6982323e-02
  -3.6971819e-02
  -3.6961963e-02
  -3.6952730e-02
  -3.6944068e-02
  -3.6935904e-02
  -3.6928144e-02
  -3.6920678e-02
  -3.6913385e-02
  -3.6906139e-02
  -3.6898816e-02
  -3.6891307e-02
  -3.6883534e-02
  -3.6875467e-02
  -3.6867146e-02
  -3.6858705e-02
  -3.6850389e-02
  -3.6842558e-02
  -3.6835664e-02
  -3.6830189e-02
  -3.6826523e-02
  -2.1951685e-02
  -2.1950966e-02
  -2.1948810e-02
  -2.1944975e-02
  -2.1939342e-02
  -2.1931922e-02
  -2.1922843e-02
  -2.1912321e-02
  -2.1900629e-02
  -2.1888067e-02
  -2.1874936e-02
  -2.1861518e-02
  -2.1848068e-02
  -2.1834799e-02
  -2.1821887e-02
  -2.1809465e-02
  -2.1797631e-02
  -2.1786449e-02
  -2.1775954e-02
  -2.1766156e-02
  -2.1757045e-02
  -2.1748593e-02
  -2.1740757e-02
  -2.1733484e-02
  -2.1726707e-02
  -2.1720353e-02
  -2.1714344e-02
  -2.1708595e-02
  -2.1703028e-02
  -2.1697570e-02
  -2.1692167e-02
  -2.1686796e-02
  -2.1681475e-02
  -2.1676280e-02
  -2.1671353e-02
  -2.1666903e-02
  -2.1663178e-02
  -2.1660410e-02
  -6.7734583e-03
  -6.7718716e-03
  -6.7683565e-03
  -6.7628334e-03
  -6.7553466e-03
  -6.7460497e-03
  -6.7351811e-03
  -6.7230333e-03
  -6.7099234e-03
  -6.6961685e-03
  -6.6820663e-03
  -6.6678830e-03
  -6.6538455e-03
  -6.6401393e-03
  -6.6269097e-03
  -6.6142644e-03
  -6.6022789e-03
  -6.5910013e-03
  -6.5804576e-03
  -6.5706571e-03
  -6.5615959e-03
  -6.5532614e-03
  -6.5456343e-03
  -6.5386909e-03
  -6.5324045e-03
  -6.5267453e-03
  -6.5216807e-03
  -6.5171746e-03
  -6.5131866e-03
  -6.5096716e-03
  -6.5065801e-03
  -6.5038604e-03
  -6.5014624e-03
  -6.4993438e-03
  -6.4974775e-03
  -6.4958577e-03
  -6.4944991e-03
  -6.4934222e-03
  -6.4926142e-03
   8.4051956e-03
   8.4095316e-03
   8.4164046e-03
   8.4256066e-03
   8.4368145e-03
   8.4496388e-03
   8.4636673e-03
   8.4784984e-03
   8.4937645e-03
   8.5091455e-03
   8.5243759e-03
   8.5392444e-03
   8.5535912e-03
   8.5673011e-03
   8.5802972e-03
   8.5925320e-03
   8.6039812e-03
   8.6146357e-03
   8.6244968e-03
   8.6335704e-03
   8.6418635e-03
   8.6493810e-03
   8.6561237e-03
   8.6620876e-03
   8.6672638e-03
   8.6716408e-03
   8.6740995e-03
   8.6749950e-03
   8.6752071e-03
   8.6762800e-03
   8.6777436e-03
   8.6779565e-03
   8.6791786e-03
   8.6798941e-03
   8.6803875e-03
   8.6810424e-03
   8.6811935e-03
   8.6814494e-03
   2.3580722e-02
   2.3585206e-02
   2.3592936e-02
   2.3603568e-02
   2.3616598e-02
   2.3631455e-02
   2.3647564e-02
   2.3664393e-02
   2.3681486e-02
   2.3698469e-02
   2.3715054e-02
   2.3731029e-02
   2.3746252e-02
   2.3760637e-02
   2.3774138e-02
   2.3786741e-02
   2.3798453e-02
   2.3809290e-02
   2.3819271e-02
   2.3828415e-02
   2.3836731e-02
   2.3839959e-02
   2.3842011e-02
   2.3844219e-02
   2.3845332e-02
   2.3849502e-02
   2.3850867e-02
   2.3854080e-02
   2.3856647e-02
   2.3858644e-02
   2.3861520e-02
   2.3862820e-02
   2.3865433e-02
   2.3866311e-02
   2.3868330e-02
   2.3868897e-02
   2.3870156e-02
   2.3870440e-02
   2.3870866e-02
   3.8759106e-02
   3.8767053e-02
   3.8778671e-02
   3.8793296e-02
   3.8810152e-02
   3.8828463e-02
   3.8847525e-02
   3.8866746e-02
   3.8885660e-02
   3.8903925e-02
   3.8921312e-02
   3.8937682e-02
   3.8952969e-02
   3.8967160e-02
   3.8980276e-02
   3.8992361e-02
   3.9003464e-02
   3.9007069e-02
   3.9011662e-02
   3.9013631e-02
   3.9017998e-02
   3.9022901e-02
   3.9025415e-02
   3.9031298e-02
   3.9033242e-02
   3.9038824e-02
   3.9040872e-02
   3.9045462e-02
   3.9047806e-02
   3.9051171e-02
   3.9053674e-02
   3.9055888e-02
   3.9058232e-02
   3.9059528e-02
   3.9061350e-02
   3.9061993e-02
   3.9062989e-02
   3.9063179e-02
   5.3931758e-02
   5.3939143e-02
   5.3951145e-02
   5.3966979e-02
   5.3985668e-02
   5.4006207e-02
   5.4027673e-02
   5.4049291e-02
   5.4070460e-02
   5.4090749e-02
   5.4109878e-02
   5.4127696e-02
   5.4144147e-02
   5.4159245e-02
   5.4170767e-02
   5.4173049e-02
   5.4175731e-02
   5.4183528e-02
   5.4185642e-02
   5.4193316e-02
   5.4197111e-02
   5.4204178e-02
   5.4207541e-02
   5.4215239e-02
   5.4216998e-02
   5.4225528e-02
   5.4225755e-02
   5.4233148e-02
   5.4235154e-02
   5.4239845e-02
   5.4243042e-02
   5.4245573e-02
   5.4249191e-02
   5.4250254e-02
   5.4253513e-02
   5.4253780e-02
   5.4256016e-02
   5.4256025e-02
   5.4256815e-02
   6.9109691e-02
   6.9121318e-02
   6.9137809e-02
   6.9158014e-02
   6.9180685e-02
   6.9204642e-02
   6.9228879e-02
   6.9252609e-02
   6.9275266e-02
   6.9296490e-02
   6.9316088e-02
   6.9334000e-02
   6.9338091e-02
   6.9346484e-02
   6.9350258e-02
   6.9358004e-02
   6.9364956e-02
   6.9371514e-02
   6.9378217e-02
   6.9385858e-02
   6.9390177e-02
   6.9400005e-02
   6.9400960e-02
   6.9410672e-02
   6.9413130e-02
   6.9419390e-02
   6.9424637e-02
   6.9427154e-02
   6.9433965e-02
   6.9434157e-02
   6.9439782e-02
   6.9441512e-02
   6.9444522e-02
   6.9446679e-02
   6.9448062e-02
   6.9449745e-02
   6.9450239e-02
   6.9450867e-02
   8.4279273e-02
   8.4289623e-02
   8.4306045e-02
   8.4327279e-02
   8.4351842e-02
   8.4378271e-02
   8.4405280e-02
   8.4431840e-02
   8.4457206e-02
   8.4480890e-02
   8.4499385e-02
   8.4502628e-02
   8.4507361e-02
   8.4519799e-02
   8.4522332e-02
   8.4535395e-02
   8.4540040e-02
   8.4552723e-02
   8.4555872e-02
   8.4569995e-02
   8.4570438e-02
   8.4582593e-02
   8.4587410e-02
   8.4593840e-02
   8.4602787e-02
   8.4603888e-02
   8.4612853e-02
   8.4616004e-02
   8.4620808e-02
   8.4626752e-02
   8.4627779e-02
   8.4633741e-02
   8.4634932e-02
   8.4638613e-02
   8.4640607e-02
   8.4642267e-02
   8.4643941e-02
   8.4644522e-02
   8.4645162e-02
   9.9456601e-02
   9.9472059e-02
   9.9493650e-02
   9.9519698e-02
   9.9548446e-02
   9.9578287e-02
   9.9607897e-02
   9.9636290e-02
   9.9662804e-02
   9.9666762e-02
   9.9679127e-02
   9.9687064e-02
   9.9696061e-02
   9.9708923e-02
   9.9715905e-02
   9.9728406e-02
   9.9736986e-02
   9.9745652e-02
   9.9757828e-02
   9.9760866e-02
   9.9774280e-02
   9.9777266e-02
   9.9786124e-02
   9.9794482e-02
   9.9796604e-02
   9.9805886e-02
   9.9808984e-02
   9.9814083e-02
   9.9820556e-02
   9.9821257e-02
   9.9827405e-02
   9.9829201e-02
   9.9832463e-02
   9.9835073e-02
   9.9836306e-02
   9.9838423e-02
   9.9838747e-02
   9.9839547e-02
   1.1462289e-01
   1.1463634e-01
   1.1465742e-01
   1.1468436e-01
   1.1471512e-01
   1.1474773e-01
   1.1478053e-01
   1.1481223e-01
   1.1482538e-01
   1.1483653e-01
   1.1484194e-01
   1.1485386e-01
   1.1486912e-01
   1.1487556e-01
   1.1489353e-01
   1.1489964e-01
   1.1491515e-01
   1.1492425e-01
   1.1493413e-01
   1.1494787e-01
   1.1495070e-01
   1.1496514e-01
   1.1496934e-01
   1.1497774e-01
   1.1498795e-01
   1.1498878e-01
   1.1499846e-01
   1.1500330e-01
   1.1500695e-01
   1.1501437e-01
   1.1501530e-01
   1.1502074e-01
   1.1502408e-01
   1.1502602e-01
   1.1502987e-01
   1.1503011e-01
   1.1503281e-01
   1.1503302e-01
   1.1503389e-01
   1.2979949e-01
   1.2981901e-01
   1.2984604e-01
   1.2987830e-01
   1.2991349e-01
   1.2994953e-01
   1.2998476e-01
   1.2999267e-01
   1.3000926e-01
   1.3001801e-01
   1.3003194e-01
   1.3004850e-01
   1.3005847e-01
   1.3007588e-01
   1.3008661e-01
   1.3010004e-01
   1.3011440e-01
   1.3012111e-01
   1.3013934e-01
   1.3014033e-01
   1.3015506e-01
   1.3016337e-01
   1.3016862e-01
   1.3018034e-01
   1.3018289e-01
   1.3019052e-01
   1.3019867e-01
   1.3019939e-01
   1.3020709e-01
   1.3021074e-01
   1.3021372e-01
   1.3021925e-01
   1.3021933e-01
   1.3022362e-01
   1.3022482e-01
   1.3022664e-01
   1.3022759e-01
   1.3022808e-01
   1.4496224e-01
   1.4497898e-01
   1.4500507e-01
   1.4503813e-01
   1.4507551e-01
   1.4511469e-01
   1.4514833e-01
   1.4515360e-01
   1.4516286e-01
   1.4518544e-01
   1.4519069e-01
   1.4521364e-01
   1.4522490e-01
   1.4524487e-01
   1.4525568e-01
   1.4527672e-01
   1.4528281e-01
   1.4530637e-01
   1.4530722e-01
   1.4532661e-01
   1.4533497e-01
   1.4534390e-01
   1.4535864e-01
   1.4535904e-01
   1.4537124e-01
   1.4537902e-01
   1.4538204e-01
   1.4539136e-01
   1.4539481e-01
   1.4539941e-01
   1.4540632e-01
   1.4540661e-01
   1.4541213e-01
   1.4541477e-01
   1.4541680e-01
   1.4541975e-01
   1.4542017e-01
   1.4542201e-01
   1.4542202e-01
   1.6013801e-01
   1.6016192e-01
   1.6019483e-01
   1.6023381e-01
   1.6027589e-01
   1.6031541e-01
   1.6031851e-01
   1.6033656e-01
   1.6035968e-01
   1.6036543e-01
   1.6039799e-01
   1.6039911e-01
   1.6043261e-01
   1.6043472e-01
   1.6046317e-01
   1.6046980e-01
   1.6048966e-01
   1.6050247e-01
   1.6051231e-01
   1.6053146e-01
   1.6053150e-01
   1.6054770e-01
   1.6055606e-01
   1.6056137e-01
   1.6057296e-01
   1.6057603e-01
   1.6058284e-01
   1.6059129e-01
   1.6059146e-01
   1.6059852e-01
   1.6060270e-01
   1.6060463e-01
   1.6060961e-01
   1.6061020e-01
   1.6061336e-01
   1.6061452e-01
   1.6061565e-01
   1.6061617e-01
   1.7529693e-01
   1.7531723e-01
   1.7534879e-01
   1.7538852e-01
   1.7543305e-01
   1.7546777e-01
   1.7547928e-01
   1.7548598e-01
   1.7551425e-01
   1.7552468e-01
   1.7554949e-01
   1.7556743e-01
   1.7558838e-01
   1.7560633e-01
   1.7562789e-01
   1.7564081e-01
   1.7566561e-01
   1.7567070e-01
   1.7569619e-01
   1.7569983e-01
   1.7571767e-01
   1.7572949e-01
   1.7573565e-01
   1.7575065e-01
   1.7575410e-01
   1.7576320e-01
   1.7577364e-01
   1.7577376e-01
   1.7578271e-01
   1.7578838e-01
   1.7579032e-01
   1.7579675e-01
   1.7579880e-01
   1.7580205e-01
   1.7580548e-01
   1.7580617e-01
   1.7580891e-01
   1.7580902e-01
   1.7581000e-01
   1.9047178e-01
   1.9050052e-01
   1.9053990e-01
   1.9058620e-01
   1.9063454e-01
   1.9063574e-01
   1.9066069e-01
   1.9068543e-01
   1.9069632e-01
   1.9073287e-01
   1.9073774e-01
   1.9077649e-01
   1.9078136e-01
   1.9081537e-01
   1.9082415e-01
   1.9084918e-01
   1.9086384e-01
   1.9087801e-01
   1.9089896e-01
   1.9090221e-01
   1.9092231e-01
   1.9092870e-01
   1.9093894e-01
   1.9095268e-01
   1.9095285e-01
   1.9096409e-01
   1.9097157e-01
   1.9097364e-01
   1.9098168e-01
   1.9098532e-01
   1.9098846e-01
   1.9099409e-01
   1.9099473e-01
   1.9099857e-01
   1.9100045e-01
   1.9100177e-01
   1.9100315e-01
   1.9100343e-01
   2.0562654e-01
   2.0565076e-01
   2.0568838e-01
   2.0573546e-01
   2.0578323e-01
   2.0578782e-01
   2.0580548e-01
   2.0584005e-01
   2.0584166e-01
   2.0588299e-01
   2.0589400e-01
   2.0593016e-01
   2.0594271e-01
   2.0597786e-01
   2.0598650e-01
   2.0602319e-01
   2.0602476e-01
   2.0605744e-01
   2.0606413e-01
   2.0608484e-01
   2.0609948e-01
   2.0610751e-01
   2.0612610e-01
   2.0612876e-01
   2.0614130e-01
   2.0615199e-01
   2.0615376e-01
   2.0616404e-01
   2.0616956e-01
   2.0617260e-01
   2.0617977e-01
   2.0618210e-01
   2.0618574e-01
   2.0619034e-01
   2.0619058e-01
   2.0619421e-01
   2.0619502e-01
   2.0619641e-01
   2.0619685e-01
   2.2080043e-01
   2.2083455e-01
   2.2088113e-01
   2.2093550e-01
   2.2094960e-01
   2.2098131e-01
   2.2099319e-01
   2.2102443e-01
   2.2105048e-01
   2.2107432e-01
   2.2110460e-01
   2.2112659e-01
   2.2115378e-01
   2.2117758e-01
   2.2119706e-01
   2.2122464e-01
   2.2123417e-01
   2.2126530e-01
   2.2126607e-01
   2.2129099e-01
   2.2130103e-01
   2.2131194e-01
   2.2132892e-01
   2.2132931e-01
   2.2134266e-01
   2.2135123e-01
   2.2135385e-01
   2.2136304e-01
   2.2136737e-01
   2.2137065e-01
   2.2137698e-01
   2.2137852e-01
   2.2138217e-01
   2.2138550e-01
   2.2138621e-01
   2.2138894e-01
   2.2138911e-01
   2.2139006e-01
   2.3595063e-01
   2.3597924e-01
   2.3602366e-01
   2.3607893e-01
   2.3609419e-01
   2.3612097e-01
   2.3613990e-01
   2.3616256e-01
   2.3620202e-01
   2.3621402e-01
   2.3626179e-01
   2.3627024e-01
   2.3631681e-01
   2.3632676e-01
   2.3636567e-01
   2.3638014e-01
   2.3640781e-01
   2.3642807e-01
   2.3644326e-01
   2.3646926e-01
   2.3647251e-01
   2.3649628e-01
   2.3650320e-01
   2.3651540e-01
   2.3653004e-01
   2.3653071e-01
   2.3654300e-01
   2.3655031e-01
   2.3655296e-01
   2.3656110e-01
   2.3656482e-01
   2.3656783e-01
   2.3657336e-01
   2.3657445e-01
   2.3657778e-01
   2.3658012e-01
   2.3658099e-01
   2.3658265e-01
   2.3658275e-01
   2.5112352e-01
   2.5116373e-01
   2.5121841e-01
   2.5126011e-01
   2.5128177e-01
   2.5129809e-01
   2.5134840e-01
   2.5134958e-01
   2.5140883e-01
   2.5141391e-01
   2.5147051e-01
   2.5147515e-01
   2.5153015e-01
   2.5153028e-01
   2.5157795e-01
   2.5158508e-01
   2.5161837e-01
   2.5163304e-01
   2.5165176e-01
   2.5167326e-01
   2.5167886e-01
   2.5170054e-01
   2.5170564e-01
   2.5171776e-01
   2.5173063e-01
   2.5173142e-01
   2.5174231e-01
   2.5174900e-01
   2.5175109e-01
   2.5175826e-01
   2.5176172e-01
   2.5176415e-01
   2.5176893e-01
   2.5176978e-01
   2.5177258e-01
   2.5177413e-01
   2.5177493e-01
   2.5177562e-01
   2.6626871e-01
   2.6630230e-01
   2.6635444e-01
   2.6640010e-01
   2.6641892e-01
   2.6643199e-01
   2.6648152e-01
   2.6648944e-01
   2.6654251e-01
   2.6656061e-01
   2.6660870e-01
   2.6662836e-01
   2.6667475e-01
   2.6669003e-01
   2.6673669e-01
   2.6674415e-01
   2.6679020e-01
   2.6679192e-01
   2.6682840e-01
   2.6683905e-01
   2.6685941e-01
   2.6687765e-01
   2.6688415e-01
   2.6690367e-01
   2.6690799e-01
   2.6691899e-01
   2.6693080e-01
   2.6693103e-01
   2.6694059e-01
   2.6694709e-01
   2.6694828e-01
   2.6695455e-01
   2.6695793e-01
   2.6695967e-01
   2.6696371e-01
   2.6696441e-01
   2.6696658e-01
   2.6696749e-01
   2.6696800e-01
   2.8144060e-01
   2.8148778e-01
   2.8155166e-01
   2.8156555e-01
   2.8161066e-01
   2.8162509e-01
   2.8167161e-01
   2.8170159e-01
   2.8174130e-01
   2.8177602e-01
   2.8181327e-01
   2.8184483e-01
   2.8188248e-01
   2.8190591e-01
   2.8194544e-01
   2.8195833e-01
   2.8200012e-01
   2.8200203e-01
   2.8203760e-01
   2.8204564e-01
   2.8206597e-01
   2.8208203e-01
   2.8208825e-01
   2.8210558e-01
   2.8210993e-01
   2.8211904e-01
   2.8212955e-01
   2.8213033e-01
   2.8213787e-01
   2.8214441e-01
   2.8214457e-01
   2.8215002e-01
   2.8215336e-01
   2.8215441e-01
   2.8215774e-01
   2.8215829e-01
   2.8215979e-01
   2.8216017e-01
   2.9658021e-01
   2.9661953e-01
   2.9668053e-01
   2.9670035e-01
   2.9673810e-01
   2.9675545e-01
   2.9679671e-01
   2.9683663e-01
   2.9686843e-01
   2.9691770e-01
   2.9694564e-01
   2.9699404e-01
   2.9702206e-01
   2.9706272e-01
   2.9709312e-01
   2.9712225e-01
   2.9715596e-01
   2.9717223e-01
   2.9720913e-01
   2.9721308e-01
   2.9724570e-01
   2.9725234e-01
   2.9727127e-01
   2.9728603e-01
   2.9729104e-01
   2.9730623e-01
   2.9731118e-01
   2.9731791e-01
   2.9732700e-01
   2.9732902e-01
   2.9733419e-01
   2.9733999e-01
   2.9734085e-01
   2.9734470e-01
   2.9734794e-01
   2.9734841e-01
   2.9735101e-01
   2.9735141e-01
   2.9735218e-01
   3.1175115e-01
   3.1180640e-01
   3.1186533e-01
   3.1188082e-01
   3.1191868e-01
   3.1196561e-01
   3.1199042e-01
   3.1205302e-01
   3.1207179e-01
   3.1213714e-01
   3.1215508e-01
   3.1221401e-01
   3.1223446e-01
   3.1228141e-01
   3.1230602e-01
   3.1233850e-01
   3.1236761e-01
   3.1238542e-01
   3.1241843e-01
   3.1242301e-01
   3.1245248e-01
   3.1245870e-01
   3.1247517e-01
   3.1248931e-01
   3.1249246e-01
   3.1250559e-01
   3.1251150e-01
   3.1251562e-01
   3.1252341e-01
   3.1252671e-01
   3.1252960e-01
   3.1253461e-01
   3.1253632e-01
   3.1253865e-01
   3.1254164e-01
   3.1254170e-01
   3.1254355e-01
   3.1254375e-01
   3.2688452e-01
   3.2693051e-01
   3.2699424e-01
   3.2700178e-01
   3.2703880e-01
   3.2708860e-01
   3.2710787e-01
   3.2718170e-01
   3.2719177e-01
   3.2727364e-01
   3.2728127e-01
   3.2735920e-01
   3.2736898e-01
   3.2743524e-01
   3.2744975e-01
   3.2750029e-01
   3.2752049e-01
   3.2755416e-01
   3.2757978e-01
   3.2759751e-01
   3.2762749e-01
   3.2763156e-01
   3.2765775e-01
   3.2766434e-01
   3.2767759e-01
   3.2769158e-01
   3.2769249e-01
   3.2770369e-01
   3.2771071e-01
   3.2771221e-01
   3.2771885e-01
   3.2772329e-01
   3.2772417e-01
   3.2772848e-01
   3.2773077e-01
   3.2773190e-01
   3.2773430e-01
   3.2773444e-01
   3.2773534e-01
   3.4205459e-01
   3.4211928e-01
   3.4215881e-01
   3.4220587e-01
   3.4222177e-01
   3.4230353e-01
   3.4230591e-01
   3.4240045e-01
   3.4240305e-01
   3.4249623e-01
   3.4249768e-01
   3.4258309e-01
   3.4258656e-01
   3.4265701e-01
   3.4266716e-01
   3.4271875e-01
   3.4273582e-01
   3.4276876e-01
   3.4279188e-01
   3.4280817e-01
   3.4283584e-01
   3.4283851e-01
   3.4286141e-01
   3.4286890e-01
   3.4287847e-01
   3.4289111e-01
   3.4289260e-01
   3.4290055e-01
   3.4290774e-01
   3.4290866e-01
   3.4291339e-01
   3.4291795e-01
   3.4291870e-01
   3.4292166e-01
   3.4292419e-01
   3.4292450e-01
   3.4292623e-01
   3.4292637e-01
   3.5718088e-01
   3.5723476e-01
   3.5728098e-01
   3.5731802e-01
   3.5733355e-01
   3.5741481e-01
   3.5741849e-01
   3.5751262e-01
   3.5752497e-01
   3.5761583e-01
   3.5762884e-01
   3.5771586e-01
   3.5772428e-01
   3.5780697e-01
   3.5780799e-01
   3.5787862e-01
   3.5788588e-01
   3.5793625e-01
   3.5795130e-01
   3.5798191e-01
   3.5800334e-01
   3.5801713e-01
   3.5804307e-01
   3.5804369e-01
   3.5806337e-01
   3.5807209e-01
   3.5807780e-01
   3.5808838e-01
   3.5809222e-01
   3.5809625e-01
   3.5810228e-01
   3.5810527e-01
   3.5810708e-01
   3.5811101e-01
   3.5811291e-01
   3.5811418e-01
   3.5811646e-01
   3.5811659e-01
   3.5811747e-01
   3.7235025e-01
   3.7242611e-01
   3.7244526e-01
   3.7251955e-01
   3.7252683e-01
   3.7261805e-01
   3.7263911e-01
   3.7272749e-01
   3.7275208e-01
   3.7283708e-01
   3.7285810e-01
   3.7293921e-01
   3.7295251e-01
   3.7302927e-01
   3.7303308e-01
   3.7309941e-01
   3.7310508e-01
   3.7315229e-01
   3.7316626e-01
   3.7319324e-01
   3.7321365e-01
   3.7322417e-01
   3.7324701e-01
   3.7324882e-01
   3.7326362e-01
   3.7327371e-01
   3.7327562e-01
   3.7328434e-01
   3.7329030e-01
   3.7329085e-01
   3.7329591e-01
   3.7330002e-01
   3.7330050e-01
   3.7330342e-01
   3.7330594e-01
   3.7330610e-01
   3.7330781e-01
   3.7330802e-01
   3.8746845e-01
   3.8753175e-01
   3.8755964e-01
   3.8762176e-01
   3.8762915e-01
   3.8771734e-01
   3.8774534e-01
   3.8783112e-01
   3.8786687e-01
   3.8794969e-01
   3.8798380e-01
   3.8806316e-01
   3.8808977e-01
   3.8816521e-01
   3.8818140e-01
   3.8825252e-01
   3.8825759e-01
   3.8831878e-01
   3.8832398e-01
   3.8836643e-01
   3.8838011e-01
   3.8840251e-01
   3.8842238e-01
   3.8842915e-01
   3.8844842e-01
   3.8845282e-01
   3.8846218e-01
   3.8847198e-01
   3.8847359e-01
   3.8847910e-01
   3.8848446e-01
   3.8848680e-01
   3.8848873e-01
   3.8849228e-01
   3.8849435e-01
   3.8849524e-01
   3.8849746e-01
   3.8849784e-01
   3.8849855e-01
   4.0263734e-01
   4.0272385e-01
   4.0272655e-01
   4.0281164e-01
   4.0284381e-01
   4.0292688e-01
   4.0297275e-01
   4.0305326e-01
   4.0310064e-01
   4.0317809e-01
   4.0321894e-01
   4.0329289e-01
   4.0332276e-01
   4.0339279e-01
   4.0341004e-01
   4.0347577e-01
   4.0348076e-01
   4.0353619e-01
   4.0354184e-01
   4.0357834e-01
   4.0359229e-01
   4.0360951e-01
   4.0362918e-01
   4.0363201e-01
   4.0364793e-01
   4.0365485e-01
   4.0365910e-01
   4.0366698e-01
   4.0367164e-01
   4.0367273e-01
   4.0367716e-01
   4.0368081e-01
   4.0368170e-01
   4.0368393e-01
   4.0368651e-01
   4.0368688e-01
   4.0368827e-01
   4.0368868e-01
   4.1774619e-01
   4.1782089e-01
   4.1782915e-01
   4.1790279e-01
   4.1793508e-01
   4.1801534e-01
   4.1806946e-01
   4.1814753e-01
   4.1820791e-01
   4.1828331e-01
   4.1833912e-01
   4.1841141e-01
   4.1845623e-01
   4.1852500e-01
   4.1855595e-01
   4.1862082e-01
   4.1863754e-01
   4.1869815e-01
   4.1870197e-01
   4.1875123e-01
   4.1875799e-01
   4.1878777e-01
   4.1880237e-01
   4.1881415e-01
   4.1883273e-01
   4.1883378e-01
   4.1884560e-01
   4.1885448e-01
   4.1885481e-01
   4.1886073e-01
   4.1886536e-01
   4.1886786e-01
   4.1886907e-01
   4.1887225e-01
   4.1887504e-01
   4.1887506e-01
   4.1887727e-01
   4.1887816e-01
   4.1887855e-01
   4.3291497e-01
   4.3299362e-01
   4.3302030e-01
   4.3309767e-01
   4.3315699e-01
   4.3323254e-01
   4.3330495e-01
   4.3337819e-01
   4.3344937e-01
   4.3351986e-01
   4.3358084e-01
   4.3364818e-01
   4.3369438e-01
   4.3375821e-01
   4.3378829e-01
   4.3384825e-01
   4.3386309e-01
   4.3391884e-01
   4.3392065e-01
   4.3396355e-01
   4.3397189e-01
   4.3399457e-01
   4.3401001e-01
   4.3401638e-01
   4.3403136e-01
   4.3403603e-01
   4.3404151e-01
   4.3404843e-01
   4.3405264e-01
   4.3405334e-01
   4.3405710e-01
   4.3406028e-01
   4.3406226e-01
   4.3406313e-01
   4.3406566e-01
   4.3406694e-01
   4.3406757e-01
   4.3406829e-01
   4.4801285e-01
   4.4808819e-01
   4.4810153e-01
   4.4817594e-01
   4.4823580e-01
   4.4830874e-01
   4.4839128e-01
   4.4846225e-01
   4.4854875e-01
   4.4861732e-01
   4.4869549e-01
   4.4876126e-01
   4.4882429e-01
   4.4888691e-01
   4.4893212e-01
   4.4899124e-01
   4.4901881e-01
   4.4907409e-01
   4.4908602e-01
   4.4913639e-01
   4.4913716e-01
   4.4917294e-01
   4.4918311e-01
   4.4919866e-01
   4.4921499e-01
   4.4921624e-01
   4.4922800e-01
   4.4923580e-01
   4.4923583e-01
   4.4924109e-01
   4.4924494e-01
   4.4924807e-01
   4.4924837e-01
   4.4925089e-01
   4.4925353e-01
   4.4925495e-01
   4.4925584e-01
   4.4925740e-01
   4.4925747e-01
   4.6318207e-01
   4.6325345e-01
   4.6330705e-01
   4.6337730e-01
   4.6346668e-01
   4.6353529e-01
   4.6363636e-01
   4.6370290e-01
   4.6379902e-01
   4.6386310e-01
   4.6394451e-01
   4.6400577e-01
   4.6406796e-01
   4.6412608e-01
   4.6416825e-01
   4.6422289e-01
   4.6424664e-01
   4.6429749e-01
   4.6430577e-01
   4.6434889e-01
   4.6435254e-01
   4.6437930e-01
   4.6439132e-01
   4.6440006e-01
   4.6441383e-01
   4.6441717e-01
   4.6442278e-01
   4.6442861e-01
   4.6443261e-01
   4.6443320e-01
   4.6443567e-01
   4.6443837e-01
   4.6444099e-01
   4.6444208e-01
   4.6444350e-01
   4.6444562e-01
   4.6444603e-01
   4.6444678e-01
   4.7826690e-01
   4.7833519e-01
   4.7837296e-01
   4.7844045e-01
   4.7853142e-01
   4.7859760e-01
   4.7871141e-01
   4.7877583e-01
   4.7889022e-01
   4.7895249e-01
   4.7905373e-01
   4.7911351e-01
   4.7919463e-01
   4.7925160e-01
   4.7931041e-01
   4.7936424e-01
   4.7940172e-01
   4.7945210e-01
   4.7947109e-01
   4.7951773e-01
   4.7952196e-01
   4.7955798e-01
   4.7956458e-01
   4.7958261e-01
   4.7959636e-01
   4.7959888e-01
   4.7960930e-01
   4.7961587e-01
   4.7961655e-01
   4.7962012e-01
   4.7962314e-01
   4.7962567e-01
   4.7962813e-01
   4.7962822e-01
   4.7963066e-01
   4.7963310e-01
   4.7963392e-01
   4.7963502e-01
   4.7963567e-01
   4.9343736e-01
   4.9350202e-01
   4.9358655e-01
   4.9365021e-01
   4.9377337e-01
   4.9383558e-01
   4.9396784e-01
   4.9402820e-01
   4.9415053e-01
   4.9420870e-01
   4.9431076e-01
   4.9436643e-01
   4.9444411e-01
   4.9449697e-01
   4.9455030e-01
   4.9460005e-01
   4.9463161e-01
   4.9467794e-01
   4.9469161e-01
   4.9473426e-01
   4.9473431e-01
   4.9476360e-01
   4.9477302e-01
   4.9478294e-01
   4.9479524e-01
   4.9479817e-01
   4.9480281e-01
   4.9480745e-01
   4.9481047e-01
   4.9481281e-01
   4.9481319e-01
   4.9481503e-01
   4.9481742e-01
   4.9481996e-01
   4.9482103e-01
   4.9482236e-01
   4.9482403e-01
   4.9482404e-01
   5.0850642e-01
   5.0856818e-01
   5.0863440e-01
   5.0869549e-01
   5.0882219e-01
   5.0888212e-01
   5.0903071e-01
   5.0908907e-01
   5.0923335e-01
   5.0928981e-01
   5.0941482e-01
   5.0946907e-01
   5.0956801e-01
   5.0961977e-01
   5.0969131e-01
   5.0974027e-01
   5.0978652e-01
   5.0983238e-01
   5.0985725e-01
   5.0989974e-01
   5.0990788e-01
   5.0994277e-01
   5.0994674e-01
   5.0996585e-01
   5.0997777e-01
   5.0998049e-01
   5.0998936e-01
   5.0999458e-01
   5.0999682e-01
   5.0999771e-01
   5.0999986e-01
   5.1000179e-01
   5.1000390e-01
   5.1000634e-01
   5.1000726e-01
   5.1000896e-01
   5.1001131e-01
   5.1001183e-01
   5.1001265e-01
   5.2367933e-01
   5.2373776e-01
   5.2385863e-01
   5.2391622e-01
   5.2407780e-01
   5.2413410e-01
   5.2430050e-01
   5.2435515e-01
   5.2450501e-01
   5.2455774e-01
   5.2468051e-01
   5.2473104e-01
   5.2482344e-01
   5.2487147e-01
   5.2493479e-01
   5.2498003e-01
   5.2501812e-01
   5.2506029e-01
   5.2507813e-01
   5.2511697e-01
   5.2511970e-01
   5.2514733e-01
   5.2515497e-01
   5.2516486e-01
   5.2517542e-01
   5.2517883e-01
   5.2518146e-01
   5.2518481e-01
   5.2518683e-01
   5.2518843e-01
   5.2519018e-01
   5.2519235e-01
   5.2519243e-01
   5.2519494e-01
   5.2519767e-01
   5.2519893e-01
   5.2519994e-01
   5.2520081e-01
   5.3872898e-01
   5.3878469e-01
   5.3888502e-01
   5.3894019e-01
   5.3910859e-01
   5.3916275e-01
   5.3935029e-01
   5.3940307e-01
   5.3957941e-01
   5.3963051e-01
   5.3977983e-01
   5.3982900e-01
   5.3994520e-01
   5.3999217e-01
   5.4007529e-01
   5.4011977e-01
   5.4017338e-01
   5.4021509e-01
   5.4024449e-01
   5.4028315e-01
   5.4029402e-01
   5.4032712e-01
   5.4032940e-01
   5.4034820e-01
   5.4035900e-01
   5.4036089e-01
   5.4036804e-01
   5.4037180e-01
   5.4037376e-01
   5.4037504e-01
   5.4037636e-01
   5.4037640e-01
   5.4037814e-01
   5.4038051e-01
   5.4038332e-01
   5.4038528e-01
   5.4038616e-01
   5.4038826e-01
   5.4038851e-01
   5.5390616e-01
   5.5395883e-01
   5.5412331e-01
   5.5417527e-01
   5.5438102e-01
   5.5443185e-01
   5.5463573e-01
   5.5468512e-01
   5.5486377e-01
   5.5491148e-01
   5.5505474e-01
   5.5510053e-01
   5.5520656e-01
   5.5525014e-01
   5.5532196e-01
   5.5536306e-01
   5.5540616e-01
   5.5544450e-01
   5.5546517e-01
   5.5550050e-01
   5.5550482e-01
   5.5553022e-01
   5.5553692e-01
   5.5554557e-01
   5.5555418e-01
   5.5555857e-01
   5.5555890e-01
   5.5556059e-01
   5.5556158e-01
   5.5556244e-01
   5.5556373e-01
   5.5556571e-01
   5.5556837e-01
   5.5557067e-01
   5.5557144e-01
   5.5557436e-01
   5.5557559e-01
   5.5557619e-01
   5.6893149e-01
   5.6898157e-01
   5.6912401e-01
   5.6917370e-01
   5.6939144e-01
   5.6944026e-01
   5.6967166e-01
   5.6971927e-01
   5.6992993e-01
   5.6997610e-01
   5.7015002e-01
   5.7019450e-01
   5.7032702e-01
   5.7036958e-01
   5.7046271e-01
   5.7050307e-01
   5.7056237e-01
   5.7060025e-01
   5.7063264e-01
   5.7066778e-01
   5.7068014e-01
   5.7071077e-01
   5.7071230e-01
   5.7072939e-01
   5.7073975e-01
   5.7073988e-01
   5.7074515e-01
   5.7074739e-01
   5.7074816e-01
   5.7074856e-01
   5.7074930e-01
   5.7075076e-01
   5.7075307e-01
   5.7075504e-01
   5.7075610e-01
   5.7075943e-01
   5.7076205e-01
   5.7076236e-01
   5.7076376e-01
   5.8411568e-01
   5.8416301e-01
   5.8438083e-01
   5.8442759e-01
   5.8468450e-01
   5.8473027e-01
   5.8497530e-01
   5.8501984e-01
   5.8522831e-01
   5.8527140e-01
   5.8543448e-01
   5.8547590e-01
   5.8559399e-01
   5.8563347e-01
   5.8571194e-01
   5.8574921e-01
   5.8579558e-01
   5.8583038e-01
   5.8585244e-01
   5.8588452e-01
   5.8588935e-01
   5.8591198e-01
   5.8591850e-01
   5.8592482e-01
   5.8593130e-01
   5.8593396e-01
   5.8593460e-01
   5.8593463e-01
   5.8593474e-01
   5.8593559e-01
   5.8593739e-01
   5.8593802e-01
   5.8594013e-01
   5.8594356e-01
   5.8594713e-01
   5.8594762e-01
   5.8594996e-01
   5.8595075e-01
   5.9910986e-01
   5.9915470e-01
   5.9935062e-01
   5.9939523e-01
   5.9967202e-01
   5.9971590e-01
   5.9999678e-01
   6.0003963e-01
   6.0028679e-01
   6.0032840e-01
   6.0052673e-01
   6.0056690e-01
   6.0071421e-01
   6.0075271e-01
   6.0085382e-01
   6.0089038e-01
   6.0095338e-01
   6.0098771e-01
   6.0102142e-01
   6.0105329e-01
   6.0106587e-01
   6.0109335e-01
   6.0109504e-01
   6.0110912e-01
   6.0111719e-01
   6.0111964e-01
   6.0112036e-01
   6.0112049e-01
   6.0112053e-01
   6.0112080e-01
   6.0112119e-01
   6.0112169e-01
   6.0112395e-01
   6.0112719e-01
   6.0113103e-01
   6.0113239e-01
   6.0113477e-01
   6.0113731e-01
   6.0113738e-01
   6.1430531e-01
   6.1434768e-01
   6.1463190e-01
   6.1467383e-01
   6.1499029e-01
   6.1503139e-01
   6.1532138e-01
   6.1536144e-01
   6.1560034e-01
   6.1563918e-01
   6.1582074e-01
   6.1585814e-01
   6.1598609e-01
   6.1602180e-01
   6.1610462e-01
   6.1613837e-01
   6.1618603e-01
   6.1621755e-01
   6.1623950e-01
   6.1626856e-01
   6.1627283e-01
   6.1629220e-01
   6.1629924e-01
   6.1630228e-01
   6.1630524e-01
   6.1630567e-01
   6.1630577e-01
   6.1630652e-01
   6.1630677e-01
   6.1630730e-01
   6.1630743e-01
   6.1631012e-01
   6.1631389e-01
   6.1631579e-01
   6.1631810e-01
   6.1632193e-01
   6.1632293e-01
   6.1632414e-01
   6.2925866e-01
   6.2929860e-01
   6.2956435e-01
   6.2960426e-01
   6.2995230e-01
   6.2999161e-01
   6.3032824e-01
   6.3036669e-01
   6.3065216e-01
   6.3068958e-01
   6.3091138e-01
   6.3094759e-01
   6.3110740e-01
   6.3114216e-01
   6.3124865e-01
   6.3128170e-01
   6.3134607e-01
   6.3137713e-01
   6.3141036e-01
   6.3143919e-01
   6.3145072e-01
   6.3147445e-01
   6.3147712e-01
   6.3148705e-01
   6.3149001e-01
   6.3149036e-01
   6.3149089e-01
   6.3149159e-01
   6.3149256e-01
   6.3149309e-01
   6.3149311e-01
   6.3149389e-01
   6.3149654e-01
   6.3149824e-01
   6.3150083e-01
   6.3150537e-01
   6.3150810e-01
   6.3150916e-01
   6.3151077e-01
   6.4447203e-01
   6.4450978e-01
   6.4487785e-01
   6.4491532e-01
   6.4530115e-01
   6.4533794e-01
   6.4567664e-01
   6.4571256e-01
   6.4598169e-01
   6.4601660e-01
   6.4621439e-01
   6.4624809e-01
   6.4638296e-01
   6.4641519e-01
   6.4649962e-01
   6.4653010e-01
   6.4657689e-01
   6.4660537e-01
   6.4662569e-01
   6.4665195e-01
   6.4665469e-01
   6.4667039e-01
   6.4667380e-01
   6.4667386e-01
   6.4667494e-01
   6.4667533e-01
   6.4667684e-01
   6.4667755e-01
   6.4667820e-01
   6.4667854e-01
   6.4667875e-01
   6.4667954e-01
   6.4668227e-01
   6.4668707e-01
   6.4669170e-01
   6.4669184e-01
   6.4669544e-01
   6.4669620e-01
   6.5937052e-01
   6.5940587e-01
   6.5976520e-01
   6.5980075e-01
   6.6023521e-01
   6.6027029e-01
   6.6066934e-01
   6.6070372e-01
   6.6102860e-01
   6.6106215e-01
   6.6130540e-01
   6.6133795e-01
   6.6150701e-01
   6.6153832e-01
   6.6164695e-01
   6.6167674e-01
   6.6173987e-01
   6.6176788e-01
   6.6179880e-01
   6.6182480e-01
   6.6183413e-01
   6.6185361e-01
   6.6185774e-01
   6.6185793e-01
   6.6185837e-01
   6.6185854e-01
   6.6186047e-01
   6.6186053e-01
   6.6186284e-01
   6.6186298e-01
   6.6186411e-01
   6.6186519e-01
   6.6186578e-01
   6.6186881e-01
   6.6187405e-01
   6.6187506e-01
   6.6187895e-01
   6.6188182e-01
   6.6188219e-01
   6.7461239e-01
   6.7464585e-01
   6.7512103e-01
   6.7515435e-01
   6.7562079e-01
   6.7565357e-01
   6.7604417e-01
   6.7607627e-01
   6.7637419e-01
   6.7640549e-01
   6.7661599e-01
   6.7664627e-01
   6.7678425e-01
   6.7681325e-01
   6.7689612e-01
   6.7692355e-01
   6.7696723e-01
   6.7699286e-01
   6.7701015e-01
   6.7703377e-01
   6.7703418e-01
   6.7703998e-01
   6.7704025e-01
   6.7704130e-01
   6.7704192e-01
   6.7704421e-01
   6.7704460e-01
   6.7704598e-01
   6.7704763e-01
   6.7704851e-01
   6.7705000e-01
   6.7705019e-01
   6.7705380e-01
   6.7705564e-01
   6.7705940e-01
   6.7706430e-01
   6.7706515e-01
   6.7706696e-01
   6.8943521e-01
   6.8946620e-01
   6.8995419e-01
   6.8998571e-01
   6.9052507e-01
   6.9055623e-01
   6.9102432e-01
   6.9105494e-01
   6.9141897e-01
   6.9144896e-01
   6.9171006e-01
   6.9173924e-01
   6.9191310e-01
   6.9194122e-01
   6.9204810e-01
   6.9207487e-01
   6.9213397e-01
   6.9215914e-01
   6.9218600e-01
   6.9220936e-01
   6.9221550e-01
   6.9222383e-01
   6.9222425e-01
   6.9222502e-01
   6.9222634e-01
   6.9222754e-01
   6.9223002e-01
   6.9223043e-01
   6.9223091e-01
   6.9223436e-01
   6.9223502e-01
   6.9223626e-01
   6.9223672e-01
   6.9223687e-01
   6.9224084e-01
   6.9224671e-01
   6.9224968e-01
   6.9225144e-01
   6.9225328e-01
   7.0472269e-01
   7.0475216e-01
   7.0536519e-01
   7.0539468e-01
   7.0595398e-01
   7.0598306e-01
   7.0642745e-01
   7.0645603e-01
   7.0677938e-01
   7.0680735e-01
   7.0702544e-01
   7.0705255e-01
   7.0718889e-01
   7.0721488e-01
   7.0729270e-01
   7.0731728e-01
   7.0735568e-01
   7.0737864e-01
   7.0739169e-01
   7.0740374e-01
   7.0740428e-01
   7.0740493e-01
   7.0740638e-01
   7.0740782e-01
   7.0740970e-01
   7.0741037e-01
   7.0741227e-01
   7.0741285e-01
   7.0741367e-01
   7.0741741e-01
   7.0741792e-01
   7.0741822e-01
   7.0741958e-01
   7.0742420e-01
   7.0742958e-01
   7.0743020e-01
   7.0743459e-01
   7.0743536e-01
   7.1943817e-01
   7.1946503e-01
   7.2013422e-01
   7.2016200e-01
   7.2082812e-01
   7.2085566e-01
   7.2139853e-01
   7.2142569e-01
   7.2182640e-01
   7.2185311e-01
   7.2212636e-01
   7.2215242e-01
   7.2232529e-01
   7.2235043e-01
   7.2245118e-01
   7.2247512e-01
   7.2252744e-01
   7.2254994e-01
   7.2257126e-01
   7.2258867e-01
   7.2258890e-01
   7.2259015e-01
   7.2259090e-01
   7.2259213e-01
   7.2259312e-01
   7.2259443e-01
   7.2259461e-01
   7.2259717e-01
   7.2259979e-01
   7.2260164e-01
   7.2260473e-01
   7.2260552e-01
   7.2260603e-01
   7.2260730e-01
   7.2261265e-01
   7.2261351e-01
   7.2261865e-01
   7.2262192e-01
   7.2262250e-01
   7.3479938e-01
   7.3482515e-01
   7.3561613e-01
   7.3564206e-01
   7.3630665e-01
   7.3633228e-01
   7.3682995e-01
   7.3685528e-01
   7.3719796e-01
   7.3722283e-01
   7.3744146e-01
   7.3746561e-01
   7.3759472e-01
   7.3761788e-01
   7.3768711e-01
   7.3770900e-01
   7.3774024e-01
   7.3776067e-01
   7.3776449e-01
   7.3776523e-01
   7.3776554e-01
   7.3776764e-01
   7.3776838e-01
   7.3776870e-01
   7.3777142e-01
   7.3777287e-01
   7.3777610e-01
   7.3777872e-01
   7.3778095e-01
   7.3778194e-01
   7.3778481e-01
   7.3778545e-01
   7.3778600e-01
   7.3778751e-01
   7.3779231e-01
   7.3779814e-01
   7.3779901e-01
   7.3780124e-01
   7.4935829e-01
   7.4938117e-01
   7.5031152e-01
   7.5033586e-01
   7.5115344e-01
   7.5117763e-01
   7.5179876e-01
   7.5182273e-01
   7.5225423e-01
   7.5227791e-01
   7.5255488e-01
   7.5257806e-01
   7.5274280e-01
   7.5276517e-01
   7.5285519e-01
   7.5287646e-01
   7.5291959e-01
   7.5293956e-01
   7.5295323e-01
   7.5295331e-01
   7.5295436e-01
   7.5295491e-01
   7.5295521e-01
   7.5295817e-01
   7.5295886e-01
   7.5296268e-01
   7.5296408e-01
   7.5296789e-01
   7.5297053e-01
   7.5297108e-01
   7.5297287e-01
   7.5297296e-01
   7.5297664e-01
   7.5297699e-01
   7.5297765e-01
   7.5298460e-01
   7.5298800e-01
   7.5299010e-01
   7.5299221e-01
   7.6483987e-01
   7.6486226e-01
   7.6588223e-01
   7.6590484e-01
   7.6668558e-01
   7.6670803e-01
   7.6725426e-01
   7.6727656e-01
   7.6762864e-01
   7.6765062e-01
   7.6786064e-01
   7.6788200e-01
   7.6799781e-01
   7.6801826e-01
   7.6807576e-01
   7.6809507e-01
   7.6811790e-01
   7.6812069e-01
   7.6812157e-01
   7.6812162e-01
   7.6812414e-01
   7.6812434e-01
   7.6812819e-01
   7.6812875e-01
   7.6813332e-01
   7.6813462e-01
   7.6813591e-01
   7.6813865e-01
   7.6813893e-01
   7.6814155e-01
   7.6814410e-01
   7.6814671e-01
   7.6814741e-01
   7.6814893e-01
   7.6815522e-01
   7.6815583e-01
   7.6816082e-01
   7.6816174e-01
   7.7916407e-01
   7.7918305e-01
   7.8049836e-01
   7.8051958e-01
   7.8151433e-01
   7.8153544e-01
   7.8223371e-01
   7.8225475e-01
   7.8270605e-01
   7.8272695e-01
   7.8299605e-01
   7.8301653e-01
   7.8316510e-01
   7.8318484e-01
   7.8325991e-01
   7.8327866e-01
   7.8331097e-01
   7.8331993e-01
   7.8331996e-01
   7.8332169e-01
   7.8332173e-01
   7.8332511e-01
   7.8332520e-01
   7.8332854e-01
   7.8332983e-01
   7.8333030e-01
   7.8333546e-01
   7.8333649e-01
   7.8333673e-01
   7.8334132e-01
   7.8334403e-01
   7.8334641e-01
   7.8334712e-01
   7.8334915e-01
   7.8335155e-01
   7.8335276e-01
   7.8335824e-01
   7.8336199e-01
   7.8336253e-01
   7.9484406e-01
   7.9486339e-01
   7.9617480e-01
   7.9619434e-01
   7.9709726e-01
   7.9711674e-01
   7.9769993e-01
   7.9771940e-01
   7.9806603e-01
   7.9808527e-01
   7.9827572e-01
   7.9829440e-01
   7.9839112e-01
   7.9840896e-01
   7.9845254e-01
   7.9846862e-01
   7.9846935e-01
   7.9846942e-01
   7.9846956e-01
   7.9847197e-01
   7.9847216e-01
   7.9847617e-01
   7.9847626e-01
   7.9848154e-01
   7.9848184e-01
   7.9848342e-01
   7.9848755e-01
   7.9848869e-01
   7.9849354e-01
   7.9849623e-01
   7.9849690e-01
   7.9849840e-01
   7.9849908e-01
   7.9850043e-01
   7.9850373e-01
   7.9851005e-01
   7.9851130e-01
   7.9851348e-01
   8.0880746e-01
   8.0882256e-01
   8.1071778e-01
   8.1073621e-01
   8.1193078e-01
   8.1194907e-01
   8.1271506e-01
   8.1273343e-01
   8.1318649e-01
   8.1320482e-01
   8.1345137e-01
   8.1346932e-01
   8.1359375e-01
   8.1361100e-01
   8.1366819e-01
   8.1368453e-01
   8.1369464e-01
   8.1369473e-01
   8.1369625e-01
   8.1369649e-01
   8.1369951e-01
   8.1369981e-01
   8.1370433e-01
   8.1370448e-01
   8.1370557e-01
   8.1371018e-01
   8.1371049e-01
   8.1371640e-01
   8.1371765e-01
   8.1372088e-01
   8.1372233e-01
   8.1372247e-01
   8.1372529e-01
   8.1372678e-01
   8.1372784e-01
   8.1373262e-01
   8.1373663e-01
   8.1373842e-01
   8.1374077e-01
   8.2481633e-01
   8.2483300e-01
   8.2650730e-01
   8.2652395e-01
   8.2754428e-01
   8.2756094e-01
   8.2815875e-01
   8.2817551e-01
   8.2849626e-01
   8.2851281e-01
   8.2867219e-01
   8.2868820e-01
   8.2876165e-01
   8.2877690e-01
   8.2879916e-01
   8.2879985e-01
   8.2880010e-01
   8.2880215e-01
   8.2880259e-01
   8.2880600e-01
   8.2880602e-01
   8.2880652e-01
   8.2881128e-01
   8.2881165e-01
   8.2881764e-01
   8.2881774e-01
   8.2882037e-01
   8.2882393e-01
   8.2882504e-01
   8.2882643e-01
   8.2882970e-01
   8.2883262e-01
   8.2883363e-01
   8.2883367e-01
   8.2883962e-01
   8.2883977e-01
   8.2884475e-01
   8.2884593e-01
   8.3821350e-01
   8.3822464e-01
   8.4101256e-01
   8.4102855e-01
   8.4243425e-01
   8.4245001e-01
   8.4326014e-01
   8.4327611e-01
   8.4370406e-01
   8.4372000e-01
   8.4392778e-01
   8.4394333e-01
   8.4403770e-01
   8.4405260e-01
   8.4409118e-01
   8.4409166e-01
   8.4409178e-01
   8.4409308e-01
   8.4409341e-01
   8.4409602e-01
   8.4409649e-01
   8.4410039e-01
   8.4410086e-01
   8.4410527e-01
   8.4410603e-01
   8.4410627e-01
   8.4411236e-01
   8.4411270e-01
   8.4411606e-01
   8.4411853e-01
   8.4412002e-01
   8.4412389e-01
   8.4412571e-01
   8.4412704e-01
   8.4412739e-01
   8.4412923e-01
   8.4413392e-01
   8.4413790e-01
   8.4413817e-01
   8.5476705e-01
   8.5478152e-01
   8.5689087e-01
   8.5690476e-01
   8.5801569e-01
   8.5802962e-01
   8.5860390e-01
   8.5861795e-01
   8.5888793e-01
   8.5890174e-01
   8.5902085e-01
   8.5903413e-01
   8.5908325e-01
   8.5908997e-01
   8.5909053e-01
   8.5909083e-01
   8.5909253e-01
   8.5909308e-01
   8.5909585e-01
   8.5909590e-01
   8.5909663e-01
   8.5910056e-01
   8.5910131e-01
   8.5910634e-01
   8.5910688e-01
   8.5911206e-01
   8.5911294e-01
   8.5911299e-01
   8.5911890e-01
   8.5912011e-01
   8.5912374e-01
   8.5912382e-01
   8.5912390e-01
   8.5912624e-01
   8.5912709e-01
   8.5913300e-01
   8.5913474e-01
   8.5913636e-01
   8.6726344e-01
   8.6727040e-01
   8.7146273e-01
   8.7147669e-01
   8.7307735e-01
   8.7309090e-01
   8.7389899e-01
   8.7391281e-01
   8.7428043e-01
   8.7429417e-01
   8.7444972e-01
   8.7446304e-01
   8.7452585e-01
   8.7453856e-01
   8.7454502e-01
   8.7454512e-01
   8.7454624e-01
   8.7454653e-01
   8.7454876e-01
   8.7454919e-01
   8.7455253e-01
   8.7455300e-01
   8.7455743e-01
   8.7455779e-01
   8.7456073e-01
   8.7456329e-01
   8.7456329e-01
   8.7456909e-01
   8.7456984e-01
   8.7457274e-01
   8.7457455e-01
   8.7457556e-01
   8.7457666e-01
   8.7457869e-01
   8.7457992e-01
   8.7458311e-01
   8.7458679e-01
   8.7458819e-01
   8.7459031e-01
   8.8470810e-01
   8.8472084e-01
   8.8731869e-01
   8.8732986e-01
   8.8846155e-01
   8.8847268e-01
   8.8896559e-01
   8.8897672e-01
   8.8917289e-01
   8.8918371e-01
   8.8925964e-01
   8.8926998e-01
   8.8928568e-01
   8.8928612e-01
   8.8928641e-01
   8.8928773e-01
   8.8928830e-01
   8.8929050e-01
   8.8929128e-01
   8.8929434e-01
   8.8929524e-01
   8.8929808e-01
   8.8929916e-01
   8.8930001e-01
   8.8930477e-01
   8.8930533e-01
   8.8930787e-01
   8.8931080e-01
   8.8931091e-01
   8.8931449e-01
   8.8931579e-01
   8.8931717e-01
   8.8931933e-01
   8.8931983e-01
   8.8932292e-01
   8.8932368e-01
   8.8932719e-01
   8.8932838e-01
   8.9577007e-01
   8.9577253e-01
   9.0222034e-01
   9.0223271e-01
   9.0395353e-01
   9.0396521e-01
   9.0469266e-01
   9.0470456e-01
   9.0497745e-01
   9.0498918e-01
   9.0508782e-01
   9.0509912e-01
   9.0513485e-01
   9.0513490e-01
   9.0513533e-01
   9.0513586e-01
   9.0513599e-01
   9.0513790e-01
   9.0513809e-01
   9.0514094e-01
   9.0514112e-01
   9.0514490e-01
   9.0514497e-01
   9.0514610e-01
   9.0514946e-01
   9.0514967e-01
   9.0515431e-01
   9.0515505e-01
   9.0515619e-01
   9.0515909e-01
   9.0516076e-01
   9.0516314e-01
   9.0516415e-01
   9.0516542e-01
   9.0516637e-01
   9.0516637e-01
   9.0517122e-01
   9.0517369e-01
   9.0517425e-01
   9.1462475e-01
   9.1463602e-01
   9.1771379e-01
   9.1772207e-01
   9.1872521e-01
   9.1873311e-01
   9.1907835e-01
   9.1908608e-01
   9.1919752e-01
   9.1920492e-01
   9.1924545e-01
   9.1924637e-01
   9.1924667e-01
   9.1924694e-01
   9.1924784e-01
   9.1924838e-01
   9.1924988e-01
   9.1925063e-01
   9.1925249e-01
   9.1925273e-01
   9.1925365e-01
   9.1925632e-01
   9.1925731e-01
   9.1926056e-01
   9.1926146e-01
   9.1926527e-01
   9.1926584e-01
   9.1926597e-01
   9.1927009e-01
   9.1927019e-01
   9.1927264e-01
   9.1927359e-01
   9.1927387e-01
   9.1927495e-01
   9.1927540e-01
   9.1927895e-01
   9.1928014e-01
   9.1928123e-01
   9.2345031e-01
   9.2345258e-01
   9.3357632e-01
   9.3358735e-01
   9.3522811e-01
   9.3523808e-01
   9.3578761e-01
   9.3579767e-01
   9.3595530e-01
   9.3596515e-01
   9.3601863e-01
   9.3602811e-01
   9.3604072e-01
   9.3604076e-01
   9.3604141e-01
   9.3604153e-01
   9.3604280e-01
   9.3604303e-01
   9.3604486e-01
   9.3604523e-01
   9.3604621e-01
   9.3604751e-01
   9.3604808e-01
   9.3605063e-01
   9.3605150e-01
   9.3605404e-01
   9.3605526e-01
   9.3605538e-01
   9.3605748e-01
   9.3605814e-01
   9.3605952e-01
   9.3606052e-01
   9.3606235e-01
   9.3606250e-01
   9.3606365e-01
   9.3606671e-01
   9.3606736e-01
   9.3606997e-01
   9.3607039e-01
   9.4437371e-01
   9.4438307e-01
   9.4774131e-01
   9.4774601e-01
   9.4838771e-01
   9.4839149e-01
   9.4853930e-01
   9.4854283e-01
   9.4859082e-01
   9.4859415e-01
   9.4860400e-01
   9.4860413e-01
   9.4860440e-01
   9.4860481e-01
   9.4860535e-01
   9.4860602e-01
   9.4860680e-01
   9.4860774e-01
   9.4860874e-01
   9.4860994e-01
   9.4861110e-01
   9.4861239e-01
   9.4861256e-01
   9.4861380e-01
   9.4861551e-01
   9.4861556e-01
   9.4861670e-01
   9.4861866e-01
   9.4861961e-01
   9.4862135e-01
   9.4862181e-01
   9.4862223e-01
   9.4862405e-01
   9.4862426e-01
   9.4862435e-01
   9.4862465e-01
   9.4862668e-01
   9.4862708e-01
   9.4996963e-01
   9.4997583e-01
   9.6599595e-01
   9.6600469e-01
   9.6721336e-01
   9.6722081e-01
   9.6748079e-01
   9.6748830e-01
   9.6755659e-01
   9.6756392e-01
   9.6758808e-01
   9.6759517e-01
   9.6760183e-01
   9.6760195e-01
   9.6760208e-01
   9.6760245e-01
   9.6760245e-01
   9.6760268e-01
   9.6760332e-01
   9.6760363e-01
   9.6760454e-01
   9.6760487e-01
   9.6760608e-01
   9.6760635e-01
   9.6760791e-01
   9.6760797e-01
   9.6760896e-01
   9.6760924e-01
   9.6760959e-01
   9.6760996e-01
   9.6761098e-01
   9.6761145e-01
   9.6761179e-01
   9.6761213e-01
   9.6761427e-01
   9.6761541e-01
   9.6761616e-01
   9.6761743e-01
   9.6761752e-01
   9.7334347e-01
   9.7334910e-01
   9.7505040e-01
   9.7505628e-01
   9.7629310e-01
   9.7629347e-01
   9.7631002e-01
   9.7631109e-01
   9.7633621e-01
   9.7633741e-01
   9.7634746e-01
   9.7634751e-01
   9.7634764e-01
   9.7634779e-01
   9.7634803e-01
   9.7634829e-01
   9.7634865e-01
   9.7634901e-01
   9.7634939e-01
   9.7634947e-01
   9.7634993e-01
   9.7635049e-01
   9.7635057e-01
   9.7635104e-01
   9.7635167e-01
   9.7635232e-01
   9.7635298e-01
   9.7635371e-01
   9.7635436e-01
   9.7635517e-01
   9.7635519e-01
   9.7635570e-01
   9.7635632e-01
   9.7635659e-01
   9.7635686e-01
   9.7635730e-01
   9.7635756e-01
   9.7635781e-01
   9.7635838e-01
   9.7635857e-01
   1.0000000e+00
   1.0000000e+00
   1.0000000e+00
   1.0000000e+00
   1.0000000e+00
   1.0000000e+00
   1.0000000e+00
   1.0000000e+00
   1.0000000e+00
   1.0000000e+00
   1.0000000e+00
   1.0000000e+00
   1.0000000e+00
   1.0000000e+00
   1.0000000e+00
   1.0000000e+00
   1.0000000e+00
   1.0000000e+00
   1.0000000e+00
   1.0000000e+00
   1.0000000e+00
   1.0000000e+00
   1.0000000e+00
   1.0000000e+00
   1.0000000e+00
   1.0000000e+00
   1.0000000e+00
   1.0000000e+00
   1.0000000e+00
   1.0000000e+00
   1.0000000e+00
   1.0000000e+00
   1.0000000e+00
   1.0000000e+00
   1.0000000e+00
   1.0000000e+00
   1.0000000e+00
   1.0000000e+00
   1.0000000e+00
   1.0000000e+00
   1.0000000e+00
   1.0000000e+00
   1.0000000e+00
   1.0000000e+00
   1.0000000e+00
   1.0000000e+00
   1.0000000e+00
   1.0000000e+00
   1.0000000e+00
   1.0000000e+00
   1.0000000e+00
   1.0000000e+00
   1.0000000e+00
   1.0000000e+00
   1.0000000e+00
   1.0000000e+00
   1.0000000e+00
   1.0000000e+00
   1.0000000e+00
   1.0000000e+00
   1.0000000e+00
   1.0000000e+00
   1.0000000e+00
   1.0000000e+00
   1.0000000e+00
   1.0000000e+00
   1.0000000e+00
   1.0000000e+00
   1.0000000e+00
   1.0000000e+00
   1.0000000e+00
   1.0000000e+00
   1.0000000e+00
   1.0000000e+00
   1.0000000e+00
   1.0000000e+00
   1.0000000e+00
