   8.9371701e-01
   9.7375242e-01
  -9.7630806e-01
   9.4725987e-01
  -9.5140462e-01
   8.3762687e-01
   7.8294108e-01
   7.2906569e-01
   6.7560410e-01
   6.2237831e-01
   4.1056410e-01
   4.6342046e-01
   5.1632682e-01
   5.6930253e-01
  -5.3839772e-01
  -4.8572456e-01
  -4.5774196e-01
  -4.3303923e-01
  -4.0505280e-01
  -3.8034719e-01
  -3.5235873e-01
  -3.2765165e-01
  -2.9966220e-01
  -2.7495441e-01
  -2.4696447e-01
  -2.2225627e-01
  -1.9426597e-01
  -1.6955736e-01
  -1.4156656e-01
  -1.1685727e-01
  -8.8865623e-02
  -6.4155183e-02
  -3.6162154e-02
  -1.1449933e-02
   1.6545163e-02
   4.1259959e-02
   6.9257960e-02
   9.3976278e-02
   1.2197818e-01
   1.4670114e-01
   1.7470814e-01
   1.9943707e-01
   2.2745059e-01
   2.5218707e-01
   2.8020886e-01
   3.0495485e-01
   3.3298713e-01
   3.5774512e-01
   3.8579083e-01
   4.3862730e-01
   4.9150703e-01
   5.4444580e-01
   5.9746828e-01
   6.5061434e-01
   7.0395053e-01
  -7.4865591e-01
  -6.9621687e-01
  -6.4366499e-01
  -6.1572230e-01
  -5.9104965e-01
  -5.6308601e-01
  -5.1042202e-01
   7.5759842e-01
  -8.0088588e-01
  -6.6831104e-01
  -8.5270585e-01
  -7.2081701e-01
  -7.7317450e-01
   8.1184215e-01
  -9.0367015e-01
  -8.2525321e-01
  -8.7677655e-01
   8.6739548e-01
  -9.2701632e-01
   9.2102508e-01
  -1.0000000e+00
   1.0000000e+00
   8.9557685e-01
   9.7332174e-01
   8.4755895e-01
   7.9495068e-01
   7.4192659e-01
   6.8890804e-01
   6.3591937e-01
   5.8298055e-01
   5.3008840e-01
   4.7723537e-01
   4.2441458e-01
   3.7162038e-01
   3.1884808e-01
   2.6609383e-01
   2.1335435e-01
   1.6062688e-01
   1.0790900e-01
   5.5198581e-02
   2.4937782e-03
  -5.0207042e-02
  -1.0290528e-01
  -1.5560210e-01
  -2.0829840e-01
  -2.6099476e-01
  -3.1369138e-01
  -3.6638797e-01
  -9.7374950e-01
  -4.1908363e-01
  -4.7177664e-01
  -5.2446424e-01
  -5.7714230e-01
  -6.2980511e-01
  -6.8244553e-01
  -7.3505683e-01
  -7.8764019e-01
  -8.4022980e-01
  -8.9300724e-01
   9.4533204e-01
  -9.4570225e-01
   1.0000000e+00
  -1.0000000e+00
   7.6813448e-01
   7.1520467e-01
   6.6225369e-01
   8.2091629e-01
   6.0932775e-01
   5.5643901e-01
   5.0358549e-01
   4.5076252e-01
   3.9796548e-01
   3.4519027e-01
   2.9243330e-01
   2.3969148e-01
   1.8696210e-01
   1.3424280e-01
   8.1531471e-02
   2.8826239e-02
  -2.3874554e-02
  -7.6572364e-02
  -1.2926843e-01
  -1.8196376e-01
  -2.3465909e-01
  -2.8735482e-01
  -3.4005094e-01
  -3.9274691e-01
  -4.4544153e-01
  -4.9813274e-01
  -5.5081737e-01
  -6.0349089e-01
  -6.5614739e-01
  -7.0878032e-01
  -7.6138585e-01
  -8.1397372e-01
  -8.6659786e-01
  -9.1929218e-01
   8.7127456e-01
   9.2048928e-01
   9.7239759e-01
  -9.7226656e-01
   7.9339246e-01
   7.4092125e-01
   6.8818968e-01
   6.3539032e-01
   5.8257699e-01
   5.2977097e-01
   4.7697919e-01
   4.2420338e-01
   3.7144309e-01
   3.1869699e-01
   2.6596338e-01
   2.1324048e-01
   1.6052652e-01
   1.0781980e-01
   5.5118717e-02
   2.4217929e-03
  -5.0272328e-02
  -1.0296485e-01
  -1.5565680e-01
  -2.0834899e-01
  -2.6104199e-01
  -3.1373605e-01
  -3.6643100e-01
  -4.1912623e-01
  -4.7182049e-01
  -5.2451181e-01
  -5.7719747e-01
  -6.2987408e-01
  -6.8253828e-01
  -7.3518898e-01
  -7.8783240e-01
  -8.4048997e-01
   8.4450098e-01
  -8.9303729e-01
   8.9570224e-01
   9.4550603e-01
  -9.4443099e-01
   1.0000000e+00
  -1.0000000e+00
   6.6143012e-01
   6.0870384e-01
   5.5595170e-01
   5.0319476e-01
   7.1408268e-01
   4.5044226e-01
   3.9769806e-01
   3.4496343e-01
   2.9223829e-01
   2.3952189e-01
   1.8681317e-01
   1.3411087e-01
   8.1413715e-02
   2.8720429e-02
  -2.3970213e-02
  -7.6659349e-02
  -1.2934799e-01
  -1.8203701e-01
  -2.3472705e-01
  -2.8741853e-01
  -3.4011156e-01
  -3.9280586e-01
  -4.4550070e-01
  -4.9819482e-01
   7.6653933e-01
  -5.5088641e-01
  -6.0357325e-01
  -6.5625312e-01
  -7.0892508e-01
  -7.6159156e-01
  -8.1425812e-01
  -8.6686332e-01
   8.1824296e-01
  -9.1877231e-01
   8.6959727e-01
   9.2047773e-01
   9.7276517e-01
  -9.7223164e-01
   6.3466555e-01
   5.8200621e-01
   5.2931109e-01
   6.8724719e-01
   4.7660128e-01
   4.2388746e-01
   3.7117505e-01
   3.1846662e-01
   2.6576317e-01
   2.1306479e-01
   1.6037102e-01
   1.0768115e-01
   5.4994271e-02
   2.3094326e-03
  -5.0374327e-02
  -1.0305792e-01
  -1.5574218e-01
  -2.0842778e-01
  -2.6111524e-01
  -3.1380483e-01
   7.3965909e-01
  -3.6649655e-01
  -4.1919005e-01
  -4.7188460e-01
  -5.2457909e-01
  -5.7727215e-01
  -6.2996239e-01
  -6.8264908e-01
  -7.3533262e-01
  -7.8801102e-01
   7.9161114e-01
  -8.4063002e-01
  -8.9285791e-01
   8.4318294e-01
   8.9472724e-01
  -9.4501760e-01
   9.4611746e-01
  -1.0000000e+00
   1.0000000e+00
   5.5540204e-01
   5.0274114e-01
   4.5006213e-01
   6.0802639e-01
   3.9737515e-01
   3.4468577e-01
   2.9199698e-01
   2.3931018e-01
   6.6057999e-01
   1.8662587e-01
   1.3394395e-01
   8.1263983e-02
   2.8585333e-02
  -2.4092745e-02
  -7.6771022e-02
  -1.2945025e-01
  -1.8213109e-01
  -2.3481410e-01
  -2.8749965e-01
  -3.4018791e-01
  -3.9287878e-01
  -4.4557186e-01
  -4.9826646e-01
  -5.5096164e-01
  -6.0365638e-01
   7.1299769e-01
  -6.5634985e-01
  -7.0904126e-01
  -7.6172639e-01
   7.6512050e-01
  -8.1437035e-01
  -8.6679625e-01
   8.1691063e-01
  -9.1900034e-01
   8.6862704e-01
   9.2032199e-01
  -9.7253192e-01
   9.7299543e-01
   4.7617860e-01
   5.2881047e-01
   4.2352655e-01
   3.7086363e-01
   5.8140626e-01
   3.1819531e-01
   2.6552474e-01
   2.1285361e-01
   1.6018267e-01
   1.0751209e-01
   6.3393827e-01
   5.4841691e-02
   2.1710327e-03
  -5.0500434e-02
  -1.0317331e-01
  -1.5584819e-01
  -2.0852560e-01
  -2.6120595e-01
  -3.1388951e-01
  -3.6657635e-01
  -4.1926629e-01
  -4.7195892e-01
  -5.2465363e-01
  -5.7734962e-01
   6.8635802e-01
  -6.3004603e-01
  -6.8274141e-01
  -7.3543077e-01
   7.3857317e-01
  -7.8808851e-01
  -8.4061353e-01
   7.9054299e-01
  -8.9297280e-01
   8.4236526e-01
   8.9431977e-01
  -9.4554531e-01
   9.4638599e-01
  -1.0000000e+00
   1.0000000e+00
   4.4965415e-01
   3.9702143e-01
   5.0226658e-01
   3.4437657e-01
   2.9172460e-01
   2.3906852e-01
   5.5484548e-01
   1.8641005e-01
   1.3375007e-01
   8.1088883e-02
   2.8426433e-02
  -2.4237563e-02
  -7.6903519e-02
  -1.2957191e-01
  -1.8224319e-01
  -2.3491779e-01
  -2.8759600e-01
  -3.4027798e-01
  -3.9296372e-01
   6.0736903e-01
  -4.4565299e-01
  -4.9834536e-01
  -5.5104022e-01
  -6.0373667e-01
   6.5980144e-01
  -6.5643311e-01
  -7.0912489e-01
  -7.6179429e-01
   7.1208454e-01
  -8.1438205e-01
   7.6418313e-01
  -8.6684793e-01
   8.1614079e-01
  -9.1932286e-01
   8.6815814e-01
   9.2029518e-01
  -9.7276725e-01
   9.7313960e-01
   3.7052679e-01
   4.2314351e-01
   3.1789727e-01
   4.7574040e-01
   2.6525942e-01
   2.1261605e-01
   1.5996883e-01
   1.0731866e-01
   5.2830651e-01
   5.4665935e-02
   2.0106971e-03
  -5.0647226e-02
  -1.0330814e-01
  -1.5597239e-01
  -2.0864035e-01
  -2.6131231e-01
  -3.1398848e-01
  -3.6666892e-01
  -4.1935354e-01
  -4.7204204e-01
   5.8082474e-01
  -5.2473391e-01
  -5.7742831e-01
  -6.3012364e-01
   6.3326852e-01
  -6.8281575e-01
  -7.3549184e-01
   6.8559922e-01
  -7.8811534e-01
   7.3779045e-01
  -8.4065238e-01
   7.8986439e-01
  -8.9315629e-01
   8.4193261e-01
   8.9414820e-01
  -9.4594904e-01
   9.4658182e-01
  -1.0000000e+00
   1.0000000e+00
   3.4405217e-01
   2.9143450e-01
   3.9665698e-01
   2.3880787e-01
   1.8617478e-01
   4.4924300e-01
   1.3353678e-01
   8.0894737e-02
   2.8249062e-02
  -2.4400141e-02
  -7.7052973e-02
  -1.2970965e-01
  -1.8237044e-01
  -2.3503562e-01
  -2.8770537e-01
  -3.4037982e-01
  -3.9305894e-01
   5.0180130e-01
  -4.4574254e-01
  -4.9843019e-01
  -5.5112113e-01
   5.5431853e-01
  -6.0381387e-01
  -6.5650494e-01
   6.0677497e-01
  -7.0918507e-01
   6.5914397e-01
  -7.6183095e-01
   7.1140536e-01
  -8.1441625e-01
   7.6357030e-01
  -8.6695858e-01
   8.1570759e-01
  -9.1960572e-01
   8.6794114e-01
   9.2033488e-01
  -9.7296233e-01
   9.7325270e-01
   3.1758937e-01
   2.6498137e-01
   2.1236406e-01
   3.7018473e-01
   1.5973964e-01
   1.0710948e-01
   5.4474405e-02
   1.8348163e-03
  -2.6143097e-01
  -2.0876828e-01
  -3.1409872e-01
  -5.0809154e-02
  -1.5611053e-01
  -1.0345755e-01
   4.2276249e-01
  -3.6677155e-01
  -4.1944932e-01
  -4.7213169e-01
   4.7531544e-01
  -5.2481798e-01
  -5.7750684e-01
   5.2783314e-01
  -6.3019540e-01
   5.8030090e-01
  -6.8287679e-01
   6.3269998e-01
  -7.3553552e-01
   6.8501535e-01
  -7.8815204e-01
   7.3725204e-01
  -8.4072863e-01
   7.8945478e-01
  -8.9334256e-01
   8.4170639e-01
   8.9410023e-01
  -9.4624596e-01
   9.4672526e-01
  -1.0000000e+00
   1.0000000e+00
   2.3854071e-01
   1.8593076e-01
  -2.8782449e-01
  -2.3516390e-01
  -3.4049050e-01
   2.9114125e-01
   1.3331330e-01
  -1.8250870e-01
   8.0689517e-02
  -1.2985880e-01
   2.8060149e-02
  -7.7214076e-02
  -2.4574429e-02
  -3.9316183e-01
   3.4372957e-01
  -4.4583820e-01
   3.9630161e-01
  -4.9851901e-01
   4.4885155e-01
  -5.5120312e-01
   5.0137128e-01
  -6.0388813e-01
  -6.5656892e-01
   5.5384981e-01
  -7.0923485e-01
   6.0627370e-01
  -7.6187157e-01
   6.5863184e-01
  -8.1447535e-01
   7.1092594e-01
   7.6318482e-01
  -8.6708587e-01
   8.1546746e-01
  -9.1983635e-01
   8.6785173e-01
   9.2039747e-01
  -9.7310923e-01
   9.7333496e-01
  -3.1421679e-01
  -2.6155807e-01
  -3.6688115e-01
  -2.0890507e-01
  -1.5625778e-01
  -4.1955092e-01
  -1.0361613e-01
  -5.0980095e-02
   1.6503245e-03
   5.4274982e-02
   1.0689354e-01
   1.5950536e-01
   2.1210941e-01
   2.6470411e-01
  -4.7222557e-01
   3.1728713e-01
   3.6985513e-01
  -5.2490412e-01
   4.2240348e-01
  -5.7758462e-01
   4.7492589e-01
  -6.3026315e-01
   5.2741410e-01
  -6.8293218e-01
   5.7985840e-01
  -7.3558118e-01
   6.3225065e-01
  -7.8820462e-01
   6.8459107e-01
  -8.4082220e-01
   7.3689812e-01
   7.8921383e-01
  -8.9351122e-01
   8.4159626e-01
  -9.4646076e-01
   8.9410756e-01
   9.4683096e-01
  -1.0000000e+00
   1.0000000e+00
  -3.4060686e-01
  -2.8794981e-01
  -3.9326962e-01
  -2.3529868e-01
  -1.8265354e-01
  -1.3001441e-01
  -4.4593764e-01
  -7.7381279e-02
  -2.4754195e-02
   2.7866709e-02
   8.0481135e-02
   1.3308855e-01
   1.8568808e-01
  -4.9861008e-01
   2.3827841e-01
   2.9085764e-01
   3.4342307e-01
  -5.5128536e-01
   3.9597105e-01
  -6.0396045e-01
   4.4849669e-01
  -6.5662987e-01
   5.0099380e-01
   5.5345530e-01
  -7.0928584e-01
   6.0587525e-01
  -7.6192277e-01
   6.5825330e-01
  -8.1454978e-01
   7.1060132e-01
   7.6294869e-01
  -8.6721208e-01
   8.1533994e-01
  -9.2001971e-01
   8.6782685e-01
   9.2046243e-01
  -9.7321871e-01
   9.7339601e-01
  -3.1433926e-01
  -3.6699470e-01
  -2.6168978e-01
  -4.1965572e-01
  -2.0904645e-01
  -1.5640937e-01
  -1.0377859e-01
  -4.7232162e-01
  -5.1154157e-02
   1.4637870e-03
   5.4074989e-02
   1.0667900e-01
   1.5927511e-01
  -5.2499108e-01
   2.1186224e-01
   2.6443885e-01
   3.1700280e-01
  -5.7766174e-01
   3.6955121e-01
   4.2208033e-01
  -6.3032953e-01
   4.7458552e-01
  -6.8298863e-01
   5.2706159e-01
  -7.3563406e-01
   5.7950425e-01
   6.3191301e-01
  -7.8826942e-01
   6.8429569e-01
  -8.4092115e-01
   7.3667265e-01
   7.8907739e-01
  -8.9365780e-01
   8.4155090e-01
  -9.4661927e-01
   8.9413883e-01
  -1.0000000e+00
   9.4691139e-01
   1.0000000e+00
  -3.4072583e-01
  -3.9337964e-01
  -2.8807787e-01
  -2.3543608e-01
  -4.4603869e-01
  -1.8280067e-01
  -1.3017172e-01
  -7.7549330e-02
  -4.9870191e-01
  -2.4933634e-02
   2.7675152e-02
   8.0276660e-02
   1.3287031e-01
   1.8545525e-01
  -5.5136744e-01
   2.3803025e-01
   2.9059361e-01
  -6.0403219e-01
   3.4314311e-01
   3.9567588e-01
  -6.5669175e-01
   4.4818846e-01
   5.0067706e-01
  -7.0934191e-01
   5.5313860e-01
  -7.6198349e-01
   6.0557263e-01
   6.5798447e-01
  -8.1463182e-01
   7.1038828e-01
  -8.6733024e-01
   7.6280867e-01
   8.1527842e-01
  -9.2016671e-01
   8.6783485e-01
  -9.7330121e-01
   9.2052362e-01
   9.7344242e-01
  -3.6710938e-01
  -3.1446291e-01
  -4.1976140e-01
  -2.6182250e-01
  -2.0918845e-01
  -4.7241808e-01
  -1.5656094e-01
  -1.0394010e-01
  -5.1326059e-02
  -5.2507794e-01
   1.2809843e-03
   5.3880733e-02
   1.0647273e-01
   1.5905629e-01
   2.1163047e-01
  -5.7773859e-01
   2.6419394e-01
   3.1674500e-01
  -6.3039667e-01
   3.6928148e-01
   4.2180081e-01
  -6.8304869e-01
   4.7430027e-01
   5.2677765e-01
  -7.3569415e-01
   5.7923266e-01
  -7.8834180e-01
   6.3166899e-01
   6.8409666e-01
  -8.4101923e-01
   7.3653357e-01
  -8.9378441e-01
   7.8900524e-01
   8.4154199e-01
  -9.4673972e-01
   8.9417987e-01
  -1.0000000e+00
   9.4697471e-01
   1.0000000e+00
  -3.4084458e-01
  -3.9348949e-01
  -2.8820546e-01
  -4.4613945e-01
  -2.3557256e-01
  -1.8294617e-01
  -4.9879328e-01
  -1.3032646e-01
  -7.7713577e-02
  -2.5107701e-02
   2.7490925e-02
  -5.5144911e-01
   8.0081941e-02
   1.3266482e-01
   1.8523883e-01
   2.3780298e-01
  -6.0410432e-01
   2.9035596e-01
   3.4289617e-01
  -6.5675610e-01
   3.9542172e-01
   4.4793068e-01
  -7.0940334e-01
   5.0042152e-01
   5.5289407e-01
  -7.6205093e-01
   6.0535102e-01
   6.5779955e-01
  -8.1471645e-01
   7.1025273e-01
  -8.6743870e-01
   7.6272996e-01
  -9.2028657e-01
   8.1525593e-01
   8.6785964e-01
  -9.7336460e-01
   9.2057926e-01
   9.7347863e-01
  -3.6722271e-01
  -4.1986589e-01
  -3.1458489e-01
  -2.6195304e-01
  -4.7251346e-01
  -2.0932754e-01
  -1.5670863e-01
  -1.0409651e-01
  -5.2516396e-01
  -5.1491331e-02
   1.1066938e-03
   5.3697286e-02
   1.0628005e-01
  -5.7781533e-01
   1.5885443e-01
   2.1141968e-01
   2.6397485e-01
  -6.3046528e-01
   3.1651876e-01
   3.6905007e-01
   4.2156741e-01
  -6.8311255e-01
   4.7406977e-01
  -7.3575973e-01
   5.2655713e-01
   5.7903150e-01
  -7.8841802e-01
   6.3149813e-01
   6.8396663e-01
  -8.4111360e-01
   7.3645163e-01
  -8.9389420e-01
   7.8897273e-01
   8.4155365e-01
  -9.4683399e-01
   8.9422386e-01
  -1.0000000e+00
   9.4702602e-01
   1.0000000e+00
  -3.9359705e-01
  -3.4096063e-01
  -4.4623828e-01
  -2.8832978e-01
  -2.3570502e-01
  -4.9888312e-01
  -1.8308669e-01
  -1.3047500e-01
  -7.7870145e-02
  -5.5152998e-01
  -2.5272293e-02
   2.7318332e-02
   7.9901433e-02
   1.3247661e-01
  -6.0417699e-01
   1.8504332e-01
   2.3760088e-01
   2.9014845e-01
   3.4268510e-01
  -6.5682289e-01
   3.9520991e-01
   4.4772224e-01
  -7.0946895e-01
   5.0022221e-01
   5.5271137e-01
  -7.6212230e-01
   6.0519364e-01
  -8.1480068e-01
   6.5767615e-01
   7.1016995e-01
  -8.6753752e-01
   7.6269031e-01
  -9.2038600e-01
   8.1525664e-01
  -9.7341430e-01
   8.6789254e-01
   9.2062908e-01
   9.7350752e-01
  -3.6733256e-01
  -4.1996745e-01
  -3.1470275e-01
  -2.6207868e-01
  -4.7260649e-01
  -2.0946076e-01
  -1.5684928e-01
  -5.2524838e-01
  -1.0424445e-01
  -5.1646433e-02
   9.4458824e-04
  -5.7789165e-01
   5.3528396e-02
   1.0610470e-01
   1.5867314e-01
   2.1123323e-01
  -6.3053512e-01
   2.6378440e-01
   3.1632603e-01
   3.6885755e-01
  -6.8317929e-01
   4.2137859e-01
   4.7388937e-01
  -7.3582869e-01
   5.2639116e-01
   5.7888694e-01
  -7.8849538e-01
   6.3138206e-01
  -8.4120294e-01
   6.8388489e-01
   7.3640725e-01
  -8.9398996e-01
   7.8896474e-01
  -9.4690966e-01
   8.4157669e-01
  -1.0000000e+00
   8.9426738e-01
   9.4706845e-01
   1.0000000e+00
  -3.9370056e-01
  -3.4107189e-01
  -4.4633377e-01
  -2.8844849e-01
  -2.3583090e-01
  -4.9897047e-01
  -1.8321948e-01
  -1.3061446e-01
  -5.5160945e-01
  -7.8016024e-02
  -2.5424324e-02
   2.7160475e-02
   7.9738179e-02
  -6.0424971e-01
   1.3230854e-01
   1.8487125e-01
   2.3742595e-01
   2.8997225e-01
  -6.5689130e-01
   3.4250983e-01
   3.9503855e-01
  -7.0953708e-01
   4.4755869e-01
   5.0007133e-01
  -7.6219528e-01
   5.5257879e-01
   6.0508514e-01
  -8.1488261e-01
   6.5759675e-01
  -8.6762724e-01
   7.1012278e-01
   7.6267558e-01
  -9.2046967e-01
   8.1527103e-01
  -9.7345404e-01
   8.6792872e-01
   9.2067335e-01
   9.7353099e-01
  -3.6743716e-01
  -4.2006461e-01
  -3.1481449e-01
  -4.7269602e-01
  -2.6219721e-01
  -2.0958576e-01
  -5.2533042e-01
  -1.5698041e-01
  -1.0438137e-01
  -5.1788779e-02
  -5.7796691e-01
   7.9722650e-04
   5.3376520e-02
   1.0594895e-01
   1.5851434e-01
  -6.3060535e-01
   2.1107248e-01
   2.6362318e-01
   3.1616628e-01
  -6.8324753e-01
   3.6870181e-01
   4.2123013e-01
   4.7375215e-01
  -7.3589908e-01
   5.2626974e-01
  -7.8857189e-01
   5.7878603e-01
   6.3130592e-01
  -8.4128659e-01
   6.8383650e-01
   7.3638752e-01
  -8.9407392e-01
   7.8897185e-01
  -9.4697164e-01
   8.4160564e-01
  -1.0000000e+00
   8.9430878e-01
   9.4710408e-01
   1.0000000e+00
  -3.9379858e-01
  -3.4117670e-01
  -4.4642474e-01
  -2.8855975e-01
  -4.9905438e-01
  -2.3594823e-01
  -1.8334247e-01
  -1.3074270e-01
  -5.5168678e-01
  -7.8149086e-02
  -2.5561723e-02
   2.7019297e-02
  -6.0432166e-01
   7.9593893e-02
   1.3216198e-01
   1.8472347e-01
   2.3727831e-01
  -6.5696014e-01
   2.8982648e-01
   3.4236812e-01
   3.9490363e-01
  -7.0960608e-01
   4.4743383e-01
   4.9996023e-01
  -7.6226798e-01
   5.5248530e-01
   6.0501283e-01
  -8.1496101e-01
   6.5754835e-01
  -8.6770848e-01
   7.1009953e-01
   7.6267673e-01
  -9.2054089e-01
   8.1529325e-01
  -9.7348634e-01
   8.6796547e-01
   9.2071255e-01
   9.7355035e-01
  -3.6753516e-01
  -4.2015621e-01
  -3.1491859e-01
  -4.7278111e-01
  -2.6230701e-01
  -2.0970081e-01
  -5.2540922e-01
  -1.5710026e-01
  -1.0450553e-01
  -5.7804028e-01
  -5.1916714e-02
   6.6611750e-04
   5.3242931e-02
   1.0581371e-01
  -6.3067494e-01
   1.5837846e-01
   2.1093721e-01
   2.6349005e-01
  -6.8331587e-01
   3.1603720e-01
   3.6857909e-01
   4.2111646e-01
  -7.3596918e-01
   4.7365057e-01
   5.2618339e-01
  -7.8864607e-01
   5.7871791e-01
   6.3125842e-01
  -8.4136421e-01
   6.8381100e-01
  -8.9414777e-01
   7.3638393e-01
   7.8898813e-01
  -9.4702321e-01
  -1.0000000e+00
   8.4163721e-01
   8.9434728e-01
   9.4713433e-01
   1.0000000e+00
  -3.9388999e-01
  -3.4127382e-01
  -4.4651023e-01
  -2.8866222e-01
  -4.9913404e-01
  -2.3605559e-01
  -1.8345424e-01
  -5.5176112e-01
  -1.3085835e-01
  -7.8268038e-02
  -2.5683355e-02
  -6.0439189e-01
   2.6895691e-02
   7.9469130e-02
   1.3203702e-01
   1.8459947e-01
  -6.5702818e-01
   2.3715664e-01
   2.8970881e-01
   3.4225640e-01
  -7.0967442e-01
   3.9480010e-01
   4.4734099e-01
  -7.6233890e-01
   4.9988067e-01
   5.5242151e-01
  -8.1503504e-01
   6.0496688e-01
   6.5752161e-01
  -8.6778184e-01
   7.1009232e-01
  -9.2060200e-01
   7.6268789e-01
  -9.7351296e-01
   8.1531967e-01
   8.6800126e-01
   9.2074719e-01
   9.7356650e-01
  -4.2024136e-01
  -3.6762557e-01
  -3.1501397e-01
  -4.7286092e-01
  -2.6240694e-01
  -5.2548402e-01
  -2.0980481e-01
  -1.5720777e-01
  -1.0461596e-01
  -5.7811087e-01
  -5.2029421e-02
   5.5183965e-04
   5.3127883e-02
  -6.3074279e-01
   1.0569881e-01
   1.5826476e-01
   2.1082596e-01
   2.6338270e-01
  -6.8338297e-01
   3.1593542e-01
   3.6848477e-01
   4.2103166e-01
  -7.3603759e-01
   4.7357742e-01
   5.2612396e-01
  -7.8871687e-01
   5.7867396e-01
  -8.4143569e-01
   6.3123125e-01
   6.8380113e-01
  -8.9421286e-01
   7.3639083e-01
  -9.4706662e-01
   7.8900976e-01
  -1.0000000e+00
   8.4166942e-01
   8.9438261e-01
   9.4716022e-01
   1.0000000e+00
  -3.9397402e-01
  -4.4658952e-01
  -3.4136241e-01
  -2.8875502e-01
  -4.9920870e-01
  -2.3615213e-01
  -1.8355398e-01
  -5.5183170e-01
  -1.3096069e-01
  -7.8372340e-02
  -2.5788910e-02
  -6.0445945e-01
   2.6789661e-02
   7.9363496e-02
   1.3193277e-01
  -6.5709428e-01
   1.8449772e-01
   2.3705866e-01
   2.8961604e-01
  -7.0974084e-01
   3.4217044e-01
   3.9472267e-01
   4.4727385e-01
  -7.6240690e-01
   4.9982552e-01
   5.5237985e-01
  -8.1510413e-01
   6.0493990e-01
  -8.6784785e-01
   6.5750991e-01
   7.1009577e-01
  -9.2065475e-01
   7.6270522e-01
  -9.7353516e-01
   8.1534801e-01
   8.6803527e-01
   9.2077781e-01
   9.7358013e-01
  -4.2031941e-01
  -3.6770773e-01
  -3.1509998e-01
  -4.7293484e-01
  -2.6249639e-01
  -5.2555412e-01
  -2.0989716e-01
  -1.5730246e-01
  -5.7817790e-01
  -1.0471234e-01
  -5.2126812e-02
   4.5419603e-04
   5.3030811e-02
  -6.3080793e-01
   1.0560322e-01
   1.5817167e-01
   2.1073650e-01
  -6.8344770e-01
   2.6329812e-01
   3.1585707e-01
   3.6841409e-01
  -7.3610318e-01
   4.2097011e-01
   4.7352641e-01
  -7.8878350e-01
   5.2608477e-01
   5.7864762e-01
  -8.4150102e-01
   6.3121839e-01
   6.8380187e-01
  -8.9427025e-01
   7.3640444e-01
  -9.4710349e-01
   7.8903428e-01
  -1.0000000e+00
   8.4170105e-01
   8.9441478e-01
   9.4718254e-01
   1.0000000e+00
  -3.9405016e-01
  -4.4666207e-01
  -3.4144201e-01
  -2.8883773e-01
  -4.9927780e-01
  -2.3623749e-01
  -1.8364143e-01
  -5.5189785e-01
  -1.3104963e-01
  -7.8462088e-02
  -6.0452351e-01
  -2.5878749e-02
   2.6700512e-02
   7.9275884e-02
  -6.5715745e-01
   1.3184762e-01
   1.8441603e-01
   2.3698153e-01
   2.8954462e-01
  -7.0980428e-01
   3.4210594e-01
   3.9466631e-01
  -7.6247113e-01
   4.4722681e-01
   4.9978887e-01
  -8.1516797e-01
   5.5235448e-01
   6.0492643e-01
  -8.6790704e-01
   6.5750859e-01
  -9.2070045e-01
   7.1010623e-01
  -9.7355383e-01
   7.6272619e-01
   8.1537680e-01
   8.6806709e-01
   9.2080488e-01
   9.7359172e-01
  -4.2039000e-01
  -3.6778133e-01
  -4.7300242e-01
  -3.1517635e-01
  -2.6257513e-01
  -5.2561897e-01
  -2.0997779e-01
  -1.5738439e-01
  -5.7824066e-01
  -1.0479493e-01
  -5.2209381e-02
   3.7238699e-04
  -6.3086952e-01
   5.2950549e-02
   1.0552535e-01
   1.5809709e-01
  -6.8350913e-01
   2.1066616e-01
   2.6323302e-01
   3.1579824e-01
  -7.3616510e-01
   3.6836255e-01
   4.2092684e-01
   4.7349231e-01
  -7.8884544e-01
   5.2606060e-01
   5.7863396e-01
  -8.4156033e-01
   6.3121555e-01
  -8.9432081e-01
   6.8380973e-01
  -9.4713499e-01
   7.3642221e-01
  -1.0000000e+00
   7.8906009e-01
   8.4173142e-01
   8.9444391e-01
   9.4720189e-01
   1.0000000e+00
  -3.9411821e-01
  -4.4672760e-01
  -3.4151246e-01
  -4.9934094e-01
  -2.8891028e-01
  -2.3631171e-01
  -5.5195902e-01
  -1.8371679e-01
  -1.3112553e-01
  -7.8537882e-02
  -6.0458340e-01
  -2.5953750e-02
   2.6627036e-02
   7.9204701e-02
  -6.5721690e-01
   1.3177954e-01
   1.8435190e-01
   2.3692221e-01
  -7.0986395e-01
   2.8949099e-01
   3.4205886e-01
   3.9462660e-01
  -7.6253097e-01
   4.4719522e-01
   4.9976605e-01
  -8.1522639e-01
   5.5234095e-01
   6.0492252e-01
  -8.6795989e-01
   6.5751434e-01
  -9.2074011e-01
   7.1012118e-01
  -9.7356964e-01
   7.6274909e-01
   8.1540512e-01
   8.6809654e-01
   9.2082884e-01
   9.7360165e-01
  -4.2045297e-01
  -3.6784630e-01
  -4.7306340e-01
  -3.1524312e-01
  -2.6264336e-01
  -5.2567821e-01
  -2.1004700e-01
  -1.5745403e-01
  -5.7829865e-01
  -1.0486442e-01
  -5.2278061e-02
  -6.3092692e-01
   3.0518357e-04
   5.2885527e-02
   1.0546324e-01
   1.5803864e-01
  -6.8356656e-01
   2.1061212e-01
   2.6318415e-01
   3.1575528e-01
  -7.3622273e-01
   3.6832617e-01
   4.2089768e-01
  -7.8890237e-01
   4.7347092e-01
   5.2604744e-01
  -8.4161378e-01
   5.7862935e-01
   6.3121963e-01
  -8.9436529e-01
   6.8382226e-01
  -9.4716201e-01
   7.3644237e-01
  -1.0000000e+00
   7.8908611e-01
   8.4176011e-01
   8.9447021e-01
   9.4721874e-01
   1.0000000e+00
  -3.9417817e-01
  -4.4678600e-01
  -3.4157389e-01
  -4.9939789e-01
  -2.8897292e-01
  -2.3637518e-01
  -5.5201485e-01
  -1.8378060e-01
  -1.3118913e-01
  -6.0463863e-01
  -7.8600694e-02
  -2.6015148e-02
   2.6567695e-02
  -6.5727205e-01
   7.9148077e-02
   1.3172630e-01
   1.8430270e-01
  -7.0991929e-01
   2.3687772e-01
   2.8945182e-01
   3.4202560e-01
  -7.6258604e-01
   3.9459978e-01
   4.4717529e-01
   4.9975343e-01
  -8.1527937e-01
   5.5233594e-01
  -8.6800685e-01
   6.0492529e-01
   6.5752481e-01
  -9.2077456e-01
   7.1013886e-01
  -9.7358310e-01
   7.6277274e-01
   8.1543241e-01
   8.6812362e-01
   9.2085006e-01
   9.7361022e-01
  -4.2050840e-01
  -3.6790284e-01
  -4.7311772e-01
  -3.1530062e-01
  -5.2573162e-01
  -2.6270150e-01
  -2.1010538e-01
  -5.7835151e-01
  -1.5751217e-01
  -1.0492178e-01
  -5.2334085e-02
  -6.3097968e-01
   2.5108862e-04
   5.2833956e-02
   1.0541479e-01
  -6.8361951e-01
   1.5799390e-01
   2.1057165e-01
   2.6314849e-01
  -7.3627569e-01
   3.1572493e-01
   3.6830157e-01
   4.2087923e-01
  -7.8895415e-01
   4.7345896e-01
   5.2604224e-01
  -8.4166163e-01
   5.7863112e-01
  -8.9440431e-01
   6.3122839e-01
  -9.4718523e-01
   6.8383772e-01
  -1.0000000e+00
   7.3646371e-01
   7.8911164e-01
   8.4178693e-01
   8.9449388e-01
   9.4723346e-01
   1.0000000e+00
  -3.9423027e-01
  -4.4683735e-01
  -3.4162667e-01
  -4.9944859e-01
  -2.8902616e-01
  -2.3642854e-01
  -5.5206515e-01
  -1.8383367e-01
  -1.3124145e-01
  -6.0468886e-01
  -7.8651741e-02
  -2.6064396e-02
  -6.5732251e-01
   2.6520783e-02
   7.9104035e-02
   1.3168564e-01
   1.8426594e-01
  -7.0996994e-01
   2.3684530e-01
   2.8942418e-01
   3.4200311e-01
  -7.6263615e-01
   3.9458277e-01
   4.4716407e-01
  -8.1532699e-01
   4.9974823e-01
   5.5233697e-01
  -8.6804837e-01
   6.0493263e-01
  -9.2080444e-01
   6.5753834e-01
  -9.7359459e-01
   7.1015802e-01
   7.6279635e-01
   8.1545831e-01
   8.6814836e-01
   9.2086888e-01
   9.7361765e-01
  -4.2055650e-01
  -3.6795133e-01
  -4.7316546e-01
  -3.1534935e-01
  -5.2577914e-01
  -2.6275024e-01
  -2.1015377e-01
  -5.7839907e-01
  -1.5755981e-01
  -1.0496822e-01
  -6.3102753e-01
  -5.2378853e-02
   2.0847593e-04
   5.2793977e-02
  -6.8366769e-01
   1.0537790e-01
   1.5796054e-01
   2.1054224e-01
  -7.3632376e-01
   2.6312338e-01
   3.1570443e-01
   3.6828597e-01
  -7.8900078e-01
   4.2086878e-01
   4.7345389e-01
  -8.4170415e-01
   5.2604274e-01
   5.7863730e-01
  -8.9443844e-01
   6.3124022e-01
  -9.4720520e-01
   6.8385489e-01
  -1.0000000e+00
   7.3648538e-01
   7.8913622e-01
   8.4181178e-01
   8.9451516e-01
   9.4724637e-01
   1.0000000e+00
  -3.9427489e-01
  -4.4688190e-01
  -3.4167131e-01
  -4.9949314e-01
  -2.8907065e-01
  -5.5210987e-01
  -2.3647262e-01
  -1.8387700e-01
  -6.0473396e-01
  -1.3128364e-01
  -7.8692371e-02
  -2.6103040e-02
  -6.5736807e-01
   2.6484551e-02
   7.9070625e-02
   1.3165544e-01
  -7.1001571e-01
   1.8423929e-01
   2.3682253e-01
   2.8940555e-01
  -7.6268122e-01
   3.4198887e-01
   3.9457313e-01
  -8.1536943e-01
   4.4715922e-01
   4.9974836e-01
  -8.6808489e-01
   5.5234221e-01
   6.0494301e-01
  -9.2083033e-01
   6.5755369e-01
  -9.7360440e-01
   7.1017779e-01
   7.6281939e-01
   8.1548260e-01
   8.6817087e-01
   9.2088557e-01
   9.7362411e-01
  -4.2059767e-01
  -3.6799228e-01
  -4.7320685e-01
  -3.1538999e-01
  -5.2582087e-01
  -2.6279037e-01
  -2.1019314e-01
  -5.7844130e-01
  -1.5759808e-01
  -1.0500504e-01
  -6.3107034e-01
  -5.2413834e-02
   1.7570229e-04
   5.2763773e-02
  -6.8371096e-01
   1.0535061e-01
   1.5793646e-01
   2.1052165e-01
  -7.3636687e-01
   2.6310651e-01
   3.1569149e-01
   3.6827715e-01
  -7.8904234e-01
   4.2086423e-01
   4.7345378e-01
  -8.4174167e-01
   5.2604721e-01
  -8.9446815e-01
   5.7864643e-01
  -9.4722236e-01
   6.3125395e-01
  -1.0000000e+00
   6.8387285e-01
   7.3650677e-01
   7.8915953e-01
   8.4183463e-01
   8.9453424e-01
   9.4725772e-01
   1.0000000e+00
  -4.4691999e-01
  -3.9431253e-01
  -3.4170846e-01
  -4.9953175e-01
  -2.8910720e-01
  -5.5214910e-01
  -2.3650836e-01
  -1.8391167e-01
  -6.0477391e-01
  -1.3131693e-01
  -7.8723974e-02
  -6.5740868e-01
  -2.6132622e-02
   2.6457307e-02
   7.9046016e-02
  -7.1005657e-01
   1.3163374e-01
   1.8422073e-01
   2.3680731e-01
  -7.6272133e-01
   2.8939385e-01
   3.4198084e-01
   3.9456893e-01
  -8.1540692e-01
   4.4715898e-01
   4.9975222e-01
  -8.6811679e-01
   5.5235027e-01
  -9.2085267e-01
   6.0495529e-01
  -9.7361278e-01
   6.5756997e-01
   7.1019752e-01
   7.6284145e-01
   8.1550517e-01
   8.6819126e-01
   9.2090036e-01
   9.7362975e-01
  -4.2063236e-01
  -4.7324223e-01
  -3.6802630e-01
  -3.1542328e-01
  -5.2585701e-01
  -2.6282280e-01
  -5.7847828e-01
  -2.1022451e-01
  -1.5762815e-01
  -6.3110815e-01
  -1.0503353e-01
  -5.2440474e-02
   1.5119078e-04
  -6.8374934e-01
   5.2741648e-02
   1.0533110e-01
   1.5791979e-01
  -7.3640510e-01
   2.1050797e-01
   2.6309599e-01
   3.1568425e-01
  -7.8907903e-01
   3.6827332e-01
   4.2086394e-01
  -8.4177451e-01
   4.7345716e-01
   5.2605437e-01
  -8.9449389e-01
   5.7865743e-01
  -9.4723706e-01
   6.3126868e-01
  -1.0000000e+00
   6.8389096e-01
   7.3652745e-01
   7.8918138e-01
   8.4185552e-01
   8.9455130e-01
   9.4726769e-01
   1.0000000e+00
  -4.4695208e-01
  -3.9434376e-01
  -4.9956473e-01
  -3.4173883e-01
  -2.8913664e-01
  -5.5218304e-01
  -2.3653672e-01
  -6.0480882e-01
  -1.8393878e-01
  -1.3134257e-01
  -7.8747904e-02
  -6.5744440e-01
  -2.6154612e-02
   2.6437480e-02
  -7.1009260e-01
   7.9028555e-02
   1.3161882e-01
   1.8420850e-01
  -7.6275663e-01
   2.3679790e-01
   2.8938738e-01
   3.4197741e-01
  -8.1543973e-01
   3.9456865e-01
   4.4716198e-01
  -8.6814449e-01
   4.9975861e-01
  -9.2087188e-01
   5.5236014e-01
  -9.7361993e-01
   6.0496861e-01
   6.5758653e-01
   7.1021675e-01
   7.6286230e-01
   8.1552596e-01
   8.6820965e-01
   9.2091347e-01
   9.7363469e-01
  -4.2066112e-01
  -4.7327200e-01
  -3.6805406e-01
  -5.2588786e-01
  -3.1545003e-01
  -2.6284845e-01
  -5.7851022e-01
  -2.1024893e-01
  -1.5765117e-01
  -6.3114109e-01
  -1.0505497e-01
  -5.2460139e-02
  -6.8378293e-01
   1.3348702e-04
   5.2726079e-02
   1.0531782e-01
  -7.3643859e-01
   1.5790892e-01
   2.1049962e-01
   2.6309025e-01
  -7.8911106e-01
   3.1568123e-01
   3.6827310e-01
  -8.4180302e-01
   4.2086664e-01
   4.7346290e-01
  -8.9451605e-01
   5.2606324e-01
  -9.4724962e-01
   5.7866947e-01
  -1.0000000e+00
   6.3128377e-01
   6.8390872e-01
   7.3654710e-01
   7.8920164e-01
   8.4187449e-01
   8.9456653e-01
   9.4727645e-01
   1.0000000e+00
  -4.4697865e-01
  -3.9436921e-01
  -4.9959246e-01
  -3.4176317e-01
  -5.5221197e-01
  -2.8915983e-01
  -2.3655870e-01
  -6.0483890e-01
  -1.8395942e-01
  -1.3136173e-01
  -6.5747539e-01
  -7.8765433e-02
  -2.6170356e-02
  -7.1012396e-01
   2.6423663e-02
   7.9016792e-02
   1.3160922e-01
  -7.6278734e-01
   1.8420116e-01
   2.3679289e-01
   2.8938478e-01
  -8.1546816e-01
   3.4197730e-01
   3.9457113e-01
  -8.6816833e-01
   4.4716717e-01
   4.9976661e-01
  -9.2088830e-01
   5.5237102e-01
  -9.7362600e-01
   6.0498233e-01
   6.5760285e-01
   7.1023512e-01
   7.6288173e-01
   8.1554495e-01
   8.6822615e-01
   9.2092505e-01
   9.7363899e-01
  -4.2068452e-01
  -4.7329664e-01
  -3.6807626e-01
  -5.2591377e-01
  -3.1547103e-01
  -5.7853739e-01
  -2.6286822e-01
  -2.1026740e-01
  -6.3116937e-01
  -1.5766825e-01
  -1.0507054e-01
  -6.8381194e-01
  -5.2474078e-02
   1.2129192e-04
   5.2715731e-02
  -7.3646756e-01
   1.0530941e-01
   1.5790251e-01
   2.1049530e-01
  -7.8913874e-01
   2.6308807e-01
   3.1568125e-01
  -8.4182753e-01
   3.6827543e-01
   4.2087137e-01
  -8.9453499e-01
   4.7347014e-01
  -9.4726029e-01
   5.2607308e-01
  -1.0000000e+00
   5.7868192e-01
   6.3129871e-01
   6.8392576e-01
   7.3656552e-01
   7.8922024e-01
   8.4189160e-01
   8.9458004e-01
   9.4728414e-01
   1.0000000e+00
  -4.4700024e-01
  -3.9438951e-01
  -4.9961538e-01
  -3.4178222e-01
  -5.5223622e-01
  -2.8917763e-01
  -6.0486440e-01
  -2.3657522e-01
  -1.8397460e-01
  -6.5750188e-01
  -1.3137551e-01
  -7.8777712e-02
  -2.6181053e-02
  -7.1015088e-01
   2.6414629e-02
   7.9009490e-02
  -7.6281373e-01
   1.3160371e-01
   1.8419749e-01
   2.3679112e-01
  -8.1549253e-01
   2.8938496e-01
   3.4197952e-01
  -8.6818869e-01
   3.9457548e-01
   4.4717375e-01
  -9.2090223e-01
   4.9977552e-01
  -9.7363113e-01
   5.5238232e-01
   6.0499596e-01
   6.5761856e-01
   7.1025238e-01
   7.6289964e-01
   8.1556215e-01
   8.6824086e-01
   9.2093525e-01
   9.7364275e-01
  -4.7331662e-01
  -4.2070314e-01
  -5.2593513e-01
  -3.6809358e-01
  -3.1548707e-01
  -5.7856010e-01
  -2.6288299e-01
  -6.3119326e-01
  -2.1028087e-01
  -1.5768039e-01
  -6.8383660e-01
  -1.0508130e-01
  -5.2483395e-02
   1.1347565e-04
  -7.3649228e-01
   5.2709466e-02
   1.0530474e-01
  -7.8916234e-01
   1.5789948e-01
   2.1049394e-01
   2.6308844e-01
  -8.4184839e-01
   3.1568341e-01
   3.6827946e-01
  -8.9455104e-01
   4.2087738e-01
  -9.4726929e-01
   4.7347822e-01
  -1.0000000e+00
   5.2608333e-01
   5.7869432e-01
   6.3131312e-01
   6.8394181e-01
   7.3658252e-01
   7.8923713e-01
   8.4190690e-01
   8.9459198e-01
   9.4729085e-01
   1.0000000e+00
  -4.4701738e-01
  -4.9963392e-01
  -3.9440529e-01
  -5.5225617e-01
  -3.4179669e-01
  -2.8919083e-01
  -6.0488565e-01
  -2.3658715e-01
  -6.5752415e-01
  -1.8398527e-01
  -1.3138488e-01
  -7.1017364e-01
  -7.8785761e-02
  -2.6187743e-02
   2.6409331e-02
  -7.6283608e-01
   7.9005615e-02
   1.3160128e-01
   1.8419655e-01
  -8.1551316e-01
   2.3679169e-01
   2.8938710e-01
  -8.6820586e-01
   3.4198330e-01
   3.9458100e-01
  -9.2091395e-01
   4.4718110e-01
  -9.7363542e-01
   4.9978481e-01
   5.5239357e-01
   6.0500912e-01
   6.5763337e-01
   7.1026834e-01
   7.6291592e-01
   8.1557756e-01
   8.6825388e-01
   9.2094417e-01
   9.7364601e-01
  -4.7333243e-01
  -4.2071756e-01
  -5.2595236e-01
  -3.6810666e-01
  -5.7857871e-01
  -3.1549886e-01
  -2.6289354e-01
  -6.3121306e-01
  -2.1029020e-01
  -6.8385722e-01
  -1.5768850e-01
  -1.0508819e-01
  -5.2489045e-02
  -7.3651302e-01
   1.0907775e-04
   5.2706336e-02
  -7.8918218e-01
   1.0530289e-01
   1.5789894e-01
   2.1049473e-01
  -8.4186590e-01
   2.6309059e-01
   3.1568700e-01
  -8.9456447e-01
   3.6828456e-01
  -9.4727680e-01
   4.2088409e-01
  -1.0000000e+00
   4.7348665e-01
   5.2609353e-01
   5.7870629e-01
   6.3132670e-01
   6.8395665e-01
   7.3659799e-01
   7.8925228e-01
   8.4192046e-01
   8.9460244e-01
   9.4729669e-01
   1.0000000e+00
  -4.4703058e-01
  -4.9964853e-01
  -3.9441714e-01
  -5.5227218e-01
  -3.4180724e-01
  -6.0490296e-01
  -2.8920014e-01
  -2.3659528e-01
  -6.5754250e-01
  -1.8399224e-01
  -7.1019253e-01
  -1.3139071e-01
  -7.8790457e-02
  -7.6285470e-01
  -2.6191307e-02
   2.6406899e-02
   7.9004318e-02
  -8.1553036e-01
   1.3160113e-01
   1.8419755e-01
  -8.6822017e-01
   2.3679389e-01
   2.8939054e-01
  -9.2092369e-01
   3.4198805e-01
   3.9458715e-01
  -9.7363899e-01
   4.4718876e-01
   4.9979405e-01
   5.5240443e-01
   6.0502151e-01
   6.5764706e-01
   7.1028287e-01
   7.6293054e-01
   8.1559123e-01
   8.6826530e-01
   9.2095193e-01
   9.7364883e-01
  -4.7334454e-01
  -5.2596587e-01
  -4.2072831e-01
  -5.7859356e-01
  -3.6811610e-01
  -3.1550708e-01
  -6.3122910e-01
  -2.6290059e-01
  -6.8387407e-01
  -2.1029614e-01
  -1.5769337e-01
  -7.3653009e-01
  -1.0509201e-01
  -5.2491839e-02
  -7.8919855e-01
   1.0729781e-04
   5.2705561e-02
   1.0530312e-01
  -8.4188036e-01
   1.5790017e-01
   2.1049699e-01
  -8.9457556e-01
   2.6309393e-01
   3.1569146e-01
  -9.4728299e-01
   3.6829023e-01
  -1.0000000e+00
   4.2089107e-01
   4.7349502e-01
   5.2610335e-01
   5.7871755e-01
   6.3133924e-01
   6.8397014e-01
   7.3661186e-01
   7.8926570e-01
   8.4193234e-01
   8.9461152e-01
   9.4730171e-01
   1.0000000e+00
  -4.9965964e-01
  -4.4704034e-01
  -5.5228464e-01
  -3.9442560e-01
  -6.0491668e-01
  -3.4181448e-01
  -2.8920623e-01
  -6.5755724e-01
  -2.3660030e-01
  -7.1020783e-01
  -1.8399623e-01
  -1.3139373e-01
  -7.6286987e-01
  -7.8792541e-02
  -2.6192479e-02
  -8.1554441e-01
   2.6406617e-02
   7.9004914e-02
  -8.6823187e-01
   1.3160260e-01
   1.8419990e-01
  -9.2093165e-01
   2.3679715e-01
   2.8939477e-01
  -9.7364190e-01
   3.4199332e-01
   3.9459353e-01
   4.4719636e-01
   4.9980293e-01
   5.5241461e-01
   6.0503291e-01
   6.5765946e-01
   7.1029585e-01
   7.6294344e-01
   8.1560317e-01
   8.6827518e-01
   9.2095858e-01
   9.7365123e-01
  -5.2597604e-01
  -4.7335340e-01
  -4.2073588e-01
  -5.7860501e-01
  -3.6812246e-01
  -6.3124168e-01
  -3.1551231e-01
  -6.8388747e-01
  -2.6290478e-01
  -2.1029935e-01
  -7.3654378e-01
  -1.5769567e-01
  -7.8921176e-01
  -1.0509344e-01
  -5.2492448e-02
  -8.4189205e-01
   1.0748051e-04
   5.2706512e-02
  -8.9458454e-01
   1.0530482e-01
   1.5790264e-01
  -9.4728800e-01
   2.1050023e-01
  -1.0000000e+00
   2.6309797e-01
   3.1569638e-01
   3.6829610e-01
   4.2089798e-01
   4.7350304e-01
   5.2611253e-01
   5.7872786e-01
   6.3135055e-01
   6.8398214e-01
   7.3662406e-01
   7.8927738e-01
   8.4194258e-01
   8.9461928e-01
   9.4730598e-01
   1.0000000e+00
  -4.9966765e-01
  -5.5229391e-01
  -4.4704710e-01
  -6.0492713e-01
  -3.9443117e-01
  -6.5756866e-01
  -3.4181894e-01
  -2.8920967e-01
  -7.1021985e-01
  -2.3660280e-01
  -7.6288188e-01
  -1.8399787e-01
  -1.3139457e-01
  -8.1555560e-01
  -7.8792628e-02
  -2.6191861e-02
  -8.6824121e-01
   2.6407909e-02
  -9.2093801e-01
   7.9006857e-02
   1.3160518e-01
  -9.7364423e-01
   1.8420314e-01
   2.3680106e-01
   2.8939940e-01
   3.4199874e-01
   3.9459983e-01
   4.4720360e-01
   4.9981119e-01
   5.5242389e-01
   6.0504315e-01
   6.5767044e-01
   7.1030721e-01
   7.6295462e-01
   8.1561341e-01
   8.6828358e-01
   9.2096421e-01
   9.7365325e-01
  -5.2598324e-01
  -5.7861339e-01
  -4.7335940e-01
  -6.3125111e-01
  -4.2074072e-01
  -3.6812622e-01
  -6.8389770e-01
  -3.1551508e-01
  -7.3655437e-01
  -2.6290664e-01
  -2.1030039e-01
  -7.8922205e-01
  -1.5769596e-01
  -8.4190122e-01
  -1.0509305e-01
  -5.2491422e-02
  -8.9459160e-01
   1.0909785e-04
  -9.4729196e-01
   5.2708690e-02
  -1.0000000e+00
   1.0530754e-01
   1.5790589e-01
   2.1050404e-01
   2.6310238e-01
   3.1570143e-01
   3.6830187e-01
   4.2090454e-01
   4.7351047e-01
   5.2612087e-01
   5.7873706e-01
   6.3136050e-01
   6.8399258e-01
   7.3663455e-01
   7.8928733e-01
   8.4195124e-01
   8.9462579e-01
   9.4730954e-01
   1.0000000e+00
  -5.5230032e-01
  -4.9967292e-01
  -6.0493462e-01
  -4.4705126e-01
  -6.5757706e-01
  -3.9443428e-01
  -7.1022885e-01
  -3.4182108e-01
  -7.6289100e-01
  -2.8921095e-01
  -2.3660329e-01
  -8.1556417e-01
  -1.8399767e-01
  -8.6824840e-01
  -1.3139373e-01
  -9.2094294e-01
  -7.8791222e-02
  -2.6189934e-02
  -9.7364604e-01
   2.6410318e-02
   7.9009720e-02
   1.3160849e-01
   1.8420689e-01
   2.3680529e-01
   2.8940415e-01
   3.4200406e-01
   3.9460580e-01
   4.4721029e-01
   4.9981865e-01
   5.5243212e-01
   6.0505208e-01
   6.5767991e-01
   7.1031689e-01
   7.6296406e-01
   8.1562198e-01
   8.6829057e-01
   9.2096886e-01
   9.7365491e-01
  -5.7861901e-01
  -5.2598781e-01
  -6.3125769e-01
  -4.7336291e-01
  -6.8390504e-01
  -4.2074323e-01
  -7.3656211e-01
  -3.6812780e-01
  -7.8922969e-01
  -3.1551582e-01
  -2.6290663e-01
  -8.4190809e-01
  -2.1029973e-01
  -8.9459693e-01
  -1.5769471e-01
  -9.4729495e-01
  -1.0509128e-01
  -1.0000000e+00
  -5.2489202e-02
   1.1173077e-04
   5.2711703e-02
   1.0531092e-01
   1.5790962e-01
   2.1050814e-01
   2.6310687e-01
   3.1570637e-01
   3.6830732e-01
   4.2091057e-01
   4.7351714e-01
   5.2612819e-01
   5.7874502e-01
   6.3136898e-01
   6.8400137e-01
   7.3664331e-01
   7.8929556e-01
   8.4195834e-01
   8.9463111e-01
   9.4731243e-01
   1.0000000e+00
  -6.0493943e-01
  -5.5230418e-01
  -6.5758270e-01
  -4.9967580e-01
  -7.1023509e-01
  -4.4705318e-01
  -7.6289747e-01
  -3.9443532e-01
  -8.1557034e-01
  -3.4182132e-01
  -8.6825365e-01
  -2.8921048e-01
  -9.2094656e-01
  -2.3660220e-01
  -9.7364738e-01
  -1.8399604e-01
  -1.3139164e-01
  -7.8788725e-02
  -2.6187083e-02
   2.6413483e-02
   7.9013174e-02
   1.3161222e-01
   1.8421090e-01
   2.3680959e-01
   2.8940878e-01
   3.4200908e-01
   3.9461126e-01
   4.4721625e-01
   4.9982515e-01
   5.5243917e-01
   6.0505961e-01
   6.5768778e-01
   7.1032485e-01
   7.6297174e-01
   8.1562891e-01
   8.6829618e-01
   9.2097257e-01
   9.7365623e-01
  -6.3126168e-01
  -5.7862215e-01
  -6.8390972e-01
  -5.2599005e-01
  -7.3656724e-01
  -4.7336426e-01
  -7.8923489e-01
  -4.2074374e-01
  -8.4191285e-01
  -3.6812756e-01
  -8.9460067e-01
  -9.4729708e-01
  -3.1551491e-01
  -1.0000000e+00
  -2.6290515e-01
  -2.1029775e-01
  -1.5769231e-01
  -1.0508852e-01
  -5.2486140e-02
   1.1505143e-04
   5.2715249e-02
   1.0531467e-01
   1.5791357e-01
   2.1051229e-01
   2.6311126e-01
   3.1571103e-01
   3.6831230e-01
   4.2091592e-01
   4.7352291e-01
   5.2613440e-01
   5.7875164e-01
   6.3137593e-01
   6.8400848e-01
   7.3665031e-01
   7.8930209e-01
   8.4196393e-01
   8.9463526e-01
   9.4731468e-01
   1.0000000e+00
  -6.5758583e-01
  -7.1023880e-01
  -6.0494182e-01
  -7.6290149e-01
  -5.5230576e-01
  -8.1557431e-01
  -4.9967657e-01
  -8.6825710e-01
  -4.4705318e-01
  -9.2094898e-01
  -9.7364829e-01
  -3.9443461e-01
  -3.4182000e-01
  -2.8920862e-01
  -2.3659989e-01
  -1.8399334e-01
  -1.3138863e-01
  -7.8785458e-02
  -2.6183607e-02
   2.6417131e-02
   7.9016967e-02
   1.3161614e-01
   1.8421495e-01
   2.3681379e-01
   2.8941315e-01
   3.4201366e-01
   3.9461609e-01
   4.4722138e-01
   4.9983060e-01
   5.5244494e-01
   6.0506567e-01
   6.5769401e-01
   7.1033108e-01
   7.6297769e-01
   8.1563422e-01
   8.6830044e-01
   9.2097537e-01
   9.7365723e-01
  -7.3656997e-01
  -6.8391198e-01
  -7.8923784e-01
  -6.3126330e-01
  -8.4191567e-01
  -5.7862305e-01
  -8.9460296e-01
  -9.4729841e-01
  -5.2599022e-01
  -1.0000000e+00
  -4.7336373e-01
  -4.2074257e-01
  -3.6812582e-01
  -3.1551268e-01
  -2.6290250e-01
  -2.1029477e-01
  -1.5768906e-01
  -1.0508506e-01
  -5.2482509e-02
   1.1880701e-04
   5.2719099e-02
   1.0531859e-01
   1.5791756e-01
   2.1051635e-01
   2.6311540e-01
   3.1571528e-01
   3.6831669e-01
   4.2092049e-01
   4.7352768e-01
   5.2613940e-01
   5.7875686e-01
   6.3138130e-01
   6.8401388e-01
   7.3665555e-01
   7.8930691e-01
   8.4196803e-01
   8.9463828e-01
   9.4731631e-01
   1.0000000e+00
  -8.1557625e-01
  -7.6290326e-01
  -8.6825889e-01
  -7.1024018e-01
  -9.2095030e-01
  -6.5758667e-01
  -9.7364880e-01
  -6.0494203e-01
  -5.5230531e-01
  -4.9967549e-01
  -4.4705153e-01
  -3.9443245e-01
  -3.4181740e-01
  -2.8920565e-01
  -2.3659663e-01
  -1.8398986e-01
  -1.3138497e-01
  -7.8781673e-02
  -2.6179739e-02
   2.6421050e-02
   7.9020912e-02
   1.3162010e-01
   1.8421891e-01
   2.3681776e-01
   2.8941714e-01
   3.4201769e-01
   3.9462019e-01
   4.4722558e-01
   4.9983492e-01
   5.5244938e-01
   6.0507020e-01
   6.5769857e-01
   7.1033554e-01
   7.6298188e-01
   8.1563792e-01
   8.6830339e-01
   9.2097730e-01
   9.7365791e-01
  -8.9460390e-01
  -8.4191669e-01
  -9.4729900e-01
  -1.0000000e+00
  -7.8923870e-01
  -7.3657048e-01
  -6.8391201e-01
  -6.3126277e-01
  -5.7862195e-01
  -5.2598857e-01
  -4.7336157e-01
  -4.2073997e-01
  -3.6812284e-01
  -3.1550939e-01
  -2.6289897e-01
  -2.1029105e-01
  -1.5768521e-01
  -1.0508112e-01
  -5.2478523e-02
   1.2280546e-04
   5.2723082e-02
   1.0532254e-01
   1.5792146e-01
   2.1052019e-01
   2.6311919e-01
   3.1571903e-01
   3.6832042e-01
   4.2092421e-01
   4.7353141e-01
   5.2614315e-01
   5.7876062e-01
   6.3138504e-01
   6.8401754e-01
   7.3665902e-01
   7.8931005e-01
   8.4197065e-01
   8.9464020e-01
   9.4731734e-01
   1.0000000e+00
  -9.7364895e-01
  -9.2095059e-01
  -8.6825915e-01
  -8.1557628e-01
  -7.6290294e-01
  -7.1023940e-01
  -6.5758539e-01
  -6.0494024e-01
  -5.5230305e-01
  -4.9967280e-01
  -4.4704846e-01
  -3.9442907e-01
  -3.4181377e-01
  -2.8920183e-01
  -2.3659267e-01
  -1.8398581e-01
  -1.3138087e-01
  -7.8777566e-02
  -2.6175654e-02
   2.6425086e-02
   7.9024873e-02
   1.3162397e-01
   1.8422268e-01
   2.3682141e-01
   2.8942067e-01
   3.4202111e-01
   3.9462352e-01
   4.4722881e-01
   4.9983807e-01
   5.5245245e-01
   6.0507318e-01
   6.5770144e-01
   7.1033824e-01
   7.6298434e-01
   8.1564003e-01
   8.6830503e-01
   9.2097836e-01
   9.7365828e-01
  -1.0000000e+00
  -9.4729890e-01
  -8.9460357e-01
  -8.4191603e-01
  -7.8923761e-01
  -7.3656893e-01
  -6.8390998e-01
  -6.3126028e-01
  -5.7861905e-01
  -5.2598530e-01
  -4.7335800e-01
  -4.2073616e-01
  -3.6811884e-01
  -3.1550527e-01
  -2.6289476e-01
  -2.1028680e-01
  -1.5768095e-01
  -1.0507689e-01
  -5.2474345e-02
   1.2690322e-04
   5.2727075e-02
   1.0532641e-01
   1.5792518e-01
   2.1052375e-01
   2.6312258e-01
   3.1572223e-01
   3.6832344e-01
   4.2092705e-01
   4.7353407e-01
   5.2614562e-01
   5.7876292e-01
   6.3138715e-01
   6.8401946e-01
   7.3666073e-01
   7.8931151e-01
   8.4197182e-01
   8.9464102e-01
   9.4731777e-01
   1.0000000e+00
  -9.7364874e-01
  -9.2094992e-01
  -8.6825794e-01
  -8.1557453e-01
  -7.6290066e-01
  -7.1023663e-01
  -6.5758218e-01
  -6.0493666e-01
  -5.5229917e-01
  -4.9966869e-01
  -4.4704418e-01
  -3.9442468e-01
  -3.4180932e-01
  -2.8919736e-01
  -2.3658821e-01
  -1.8398138e-01
  -1.3137651e-01
  -7.8773289e-02
  -2.6171485e-02
   2.6429123e-02
   7.9028757e-02
   1.3162767e-01
   1.8422619e-01
   2.3682470e-01
   2.8942372e-01
   3.4202391e-01
   9.7365834e-01
   9.2097856e-01
   3.9462605e-01
   8.6830539e-01
   8.1564056e-01
   4.4723107e-01
   7.6298506e-01
   4.9984004e-01
   7.1033918e-01
   5.5245415e-01
   6.5770261e-01
   6.0507461e-01
  -1.0000000e+00
  -9.4729815e-01
  -8.9460204e-01
  -8.4191376e-01
  -7.8923469e-01
  -7.3656544e-01
  -6.8390604e-01
  -6.3125600e-01
  -5.7861451e-01
  -5.2598061e-01
  -4.7335322e-01
  -4.2073134e-01
  -3.6811404e-01
  -3.1550051e-01
  -2.6289007e-01
  -2.1028219e-01
  -1.5767645e-01
  -1.0507250e-01
  -5.2470099e-02
   1.3099505e-04
   5.2730991e-02
   1.0000000e+00
   9.4731760e-01
   1.0533012e-01
   8.9464075e-01
   8.4197153e-01
   1.5792867e-01
   7.8931130e-01
   2.1052699e-01
   7.3666068e-01
   2.6312553e-01
   6.8401965e-01
   3.1572488e-01
   6.3138764e-01
   3.6832575e-01
   5.7876375e-01
   4.2092900e-01
   5.2614682e-01
   4.7353564e-01
  -9.7364820e-01
  -9.2094831e-01
  -8.6825535e-01
  -8.1557109e-01
  -7.6289653e-01
  -7.1023198e-01
  -6.5757717e-01
  -6.0493144e-01
  -5.5229385e-01
  -4.9966335e-01
  -4.4703889e-01
  -3.9441948e-01
  -3.4180424e-01
  -2.8919242e-01
  -2.3658341e-01
  -1.8397673e-01
  -1.3137201e-01
   9.7365810e-01
   9.2097790e-01
  -7.8768958e-02
   8.6830446e-01
  -2.6167331e-02
   8.1563951e-01
   2.6433083e-02
   7.6298406e-01
   7.9032500e-02
   7.1033837e-01
   1.3163117e-01
   6.5770211e-01
   1.8422941e-01
   6.0507451e-01
   2.3682761e-01
   5.5245449e-01
   2.8942628e-01
   4.9984086e-01
   3.4202608e-01
   4.4723235e-01
   3.9462779e-01
  -1.0000000e+00
  -9.4729675e-01
  -8.9459935e-01
  -8.4190997e-01
  -7.8923002e-01
  -7.3656014e-01
  -6.8390032e-01
  -6.3125006e-01
  -5.7860852e-01
  -5.2597466e-01
  -4.7334740e-01
  -4.2072570e-01
  -3.6810860e-01
  -3.1549528e-01
   1.0000000e+00
  -2.6288505e-01
   9.4731684e-01
   8.9463939e-01
  -2.1027738e-01
   8.4196979e-01
  -1.5767183e-01
   7.8930942e-01
  -1.0506808e-01
   7.3665888e-01
  -5.2465878e-02
   1.3500552e-04
   6.8401812e-01
   5.2734773e-02
   6.3138653e-01
   1.0533365e-01
   5.7876315e-01
   1.5793191e-01
   5.2614678e-01
   2.1052990e-01
   4.7353618e-01
   2.6312806e-01
   3.1572698e-01
   4.2093009e-01
   3.6832736e-01
  -9.7364733e-01
  -9.2094580e-01
  -8.6825142e-01
  -8.1556603e-01
  -7.6289065e-01
  -7.1022558e-01
  -6.5757052e-01
  -6.0492473e-01
  -5.5228724e-01
  -4.9965695e-01
  -4.4703276e-01
  -3.9441364e-01
   9.7365755e-01
   9.2097639e-01
  -3.4179869e-01
   8.6830223e-01
  -2.8918715e-01
   8.1563688e-01
  -2.3657841e-01
   7.6298133e-01
  -1.8397198e-01
   7.1033582e-01
  -1.3136749e-01
  -7.8764665e-02
   6.5769995e-01
  -2.6163265e-02
   6.0507289e-01
   2.6436910e-02
   7.9036067e-02
   5.5245351e-01
   1.3163444e-01
   4.9984055e-01
   1.8423234e-01
   4.4723271e-01
   2.3683015e-01
   3.9462878e-01
   2.8942837e-01
   3.4202765e-01
  -1.0000000e+00
  -9.4729473e-01
  -8.9459554e-01
  -8.4190470e-01
  -7.8922368e-01
  -7.3655311e-01
  -6.8389295e-01
  -6.3124262e-01
  -5.7860121e-01
  -5.2596762e-01
   1.0000000e+00
  -4.7334072e-01
   9.4731548e-01
   8.9463694e-01
  -4.2071940e-01
   8.4196660e-01
  -3.6810269e-01
   7.8930587e-01
  -3.1548973e-01
  -2.6287985e-01
   7.3665535e-01
  -2.1027248e-01
   6.8401491e-01
  -1.5766721e-01
   6.3138386e-01
  -1.0506371e-01
  -5.2461753e-02
   5.7876116e-01
   1.3888223e-04
   5.2614555e-01
   5.2738386e-02
   1.0533697e-01
   4.7353572e-01
   1.5793489e-01
   4.2093038e-01
   2.1053249e-01
   3.6832834e-01
   2.6313019e-01
   3.1572857e-01
  -9.7364615e-01
  -9.2094241e-01
  -8.6824618e-01
  -8.1555939e-01
  -7.6288309e-01
  -7.1021753e-01
  -6.5756233e-01
  -6.0491668e-01
  -5.5227952e-01
   9.7365669e-01
   9.2097400e-01
  -4.9964966e-01
   8.6829870e-01
  -4.4702595e-01
   8.1563268e-01
  -3.9440732e-01
   7.6297690e-01
  -3.4179283e-01
   7.1033157e-01
  -2.8918171e-01
  -2.3657334e-01
   6.5769619e-01
  -1.8396724e-01
   6.0506984e-01
  -1.3136304e-01
  -7.8760481e-02
   5.5245129e-01
  -2.6159339e-02
   4.9983920e-01
   2.6440572e-02
   7.9039442e-02
   4.4723222e-01
   1.3163749e-01
   3.9462909e-01
   1.8423501e-01
   3.4202869e-01
   2.3683236e-01
   2.8943004e-01
  -1.0000000e+00
  -9.4729210e-01
  -8.9459061e-01
  -8.4189798e-01
  -7.8921572e-01
  -7.3654444e-01
  -6.8388403e-01
  -6.3123380e-01
   1.0000000e+00
   9.4731350e-01
  -5.7859274e-01
   8.9463336e-01
  -5.2595966e-01
   8.4196193e-01
  -4.7333334e-01
   7.8930067e-01
  -4.2071261e-01
   7.3665012e-01
  -3.6809647e-01
   6.8401006e-01
  -3.1548402e-01
  -2.6287458e-01
   6.3137969e-01
  -2.1026760e-01
   5.7875786e-01
  -1.5766267e-01
  -1.0505947e-01
   5.2614322e-01
  -5.2457780e-02
   1.4259033e-04
   4.7353437e-01
   5.2741816e-02
   4.2092995e-01
   1.0534009e-01
   3.6832876e-01
   1.5793764e-01
   2.1053480e-01
   3.1572973e-01
   2.6313198e-01
  -9.7364464e-01
  -9.2093813e-01
  -8.6823964e-01
  -8.1555122e-01
  -7.6287392e-01
  -7.1020792e-01
  -6.5755274e-01
   9.7365550e-01
   9.2097071e-01
  -6.0490744e-01
   8.6829385e-01
  -5.5227083e-01
   8.1562688e-01
  -4.9964164e-01
   7.6297078e-01
  -4.4701863e-01
   7.1032565e-01
  -3.9440068e-01
  -3.4178681e-01
   6.5769089e-01
  -2.8917623e-01
   6.0506542e-01
  -2.3656832e-01
  -1.8396260e-01
   5.5244790e-01
  -1.3135874e-01
   4.9983690e-01
  -7.8756465e-02
  -2.6155591e-02
   4.4723098e-01
   2.6444051e-02
   7.9042627e-02
   3.9462882e-01
   1.3164034e-01
   3.4202927e-01
   1.8423744e-01
   2.8943136e-01
   2.3683429e-01
  -1.0000000e+00
  -9.4728883e-01
  -8.9458457e-01
  -8.4188983e-01
  -7.8920619e-01
  -7.3653422e-01
   1.0000000e+00
  -6.8387368e-01
   9.4731089e-01
   8.9462864e-01
  -6.3122375e-01
   8.4195578e-01
  -5.7858328e-01
   7.8929382e-01
  -5.2595095e-01
   7.3664321e-01
  -4.7332543e-01
  -4.2070550e-01
   6.8400362e-01
  -3.6809009e-01
   6.3137411e-01
  -3.1547828e-01
  -2.6286939e-01
   5.7875336e-01
  -2.1026286e-01
   5.2613990e-01
  -1.5765830e-01
  -1.0505541e-01
   4.7353223e-01
  -5.2454000e-02
   1.4610817e-04
   4.2092892e-01
   5.2745060e-02
   3.6832872e-01
   1.0534302e-01
   3.1573053e-01
   1.5794020e-01
   2.6313349e-01
   2.1053689e-01
  -9.7364279e-01
  -9.2093294e-01
  -8.6823180e-01
  -8.1554153e-01
  -7.6286319e-01
   9.7365398e-01
  -7.1019685e-01
   9.2096650e-01
  -6.5754187e-01
   8.6828764e-01
  -6.0489715e-01
   8.1561949e-01
  -5.5226136e-01
   7.6296299e-01
  -4.9963308e-01
   7.1031812e-01
  -4.4701099e-01
   6.5768412e-01
  -3.9439389e-01
   6.0505974e-01
  -3.4178077e-01
  -2.8917084e-01
   5.5244349e-01
  -2.3656345e-01
  -1.8395817e-01
   4.9983378e-01
  -1.3135465e-01
  -7.8752664e-02
   4.4722911e-01
  -2.6152047e-02
   3.9462808e-01
   2.6447340e-02
   7.9045636e-02
   3.4202952e-01
   1.3164301e-01
   2.8943242e-01
   1.8423970e-01
   2.3683602e-01
  -1.0000000e+00
  -9.4728492e-01
  -8.9457739e-01
  -8.4188025e-01
  -7.8919512e-01
   1.0000000e+00
  -7.3652251e-01
   9.4730761e-01
   8.9462273e-01
  -6.8386200e-01
   8.4194813e-01
  -6.3121261e-01
   7.8928531e-01
  -5.7857299e-01
   7.3663467e-01
  -5.2594167e-01
   6.8399568e-01
  -4.7331719e-01
  -4.2069825e-01
   6.3136722e-01
  -3.6808372e-01
   5.7874779e-01
  -3.1547267e-01
  -2.6286439e-01
   5.2613574e-01
  -2.1025835e-01
   4.7352945e-01
  -1.5765418e-01
  -1.0505160e-01
   4.2092742e-01
  -5.2450448e-02
   1.4942392e-04
   3.6832834e-01
   5.2748128e-02
   3.1573111e-01
   1.0534580e-01
   1.5794262e-01
   2.6313483e-01
   2.1053884e-01
  -9.7364060e-01
  -9.2092683e-01
  -8.6822264e-01
  -8.1553035e-01
   9.7365209e-01
  -7.6285096e-01
   9.2096132e-01
  -7.1018441e-01
   8.6828005e-01
  -6.5752986e-01
   8.1561050e-01
  -6.0488599e-01
   7.6295357e-01
  -5.5225128e-01
   7.1030906e-01
  -4.9962417e-01
   6.5767601e-01
  -4.4700321e-01
   6.0505295e-01
  -3.9438713e-01
  -3.4177489e-01
   5.5243820e-01
  -2.8916568e-01
  -2.3655887e-01
   4.9983002e-01
  -1.8395402e-01
   4.4722678e-01
  -1.3135084e-01
  -7.8749121e-02
   3.9462704e-01
  -2.6148728e-02
   2.6450443e-02
   3.4202956e-01
   7.9048496e-02
   2.8943335e-01
   1.3164557e-01
   2.3683764e-01
   1.8424185e-01
  -1.0000000e+00
  -9.4728034e-01
  -8.9456904e-01
  -8.4186922e-01
   1.0000000e+00
  -7.8918255e-01
   9.4730363e-01
   8.9461561e-01
  -7.3650939e-01
   8.4193894e-01
  -6.8384913e-01
   7.8927517e-01
  -6.3120055e-01
   7.3662456e-01
  -5.7856206e-01
   6.8398635e-01
  -5.2593201e-01
  -4.7330881e-01
   6.3135918e-01
  -4.2069105e-01
   5.7874131e-01
  -3.6807753e-01
  -3.1546733e-01
   5.2613091e-01
  -2.6285972e-01
   4.7352622e-01
  -2.1025419e-01
  -1.5765039e-01
   4.2092564e-01
  -1.0504809e-01
  -5.2447151e-02
   3.6832780e-01
   1.5253292e-04
   3.1573158e-01
   5.2751040e-02
   1.0534847e-01
   2.6313611e-01
   1.5794496e-01
   2.1054073e-01
  -9.7363805e-01
  -9.2091975e-01
  -8.6821213e-01
  -8.1551767e-01
   9.7364983e-01
   9.2095513e-01
  -7.6283729e-01
   8.6827104e-01
  -7.1017072e-01
   8.1559990e-01
  -6.5751687e-01
   7.6294254e-01
  -6.0487416e-01
   7.1029855e-01
  -5.5224082e-01
   6.5766668e-01
  -4.9961513e-01
  -4.4699550e-01
   6.0504522e-01
  -3.9438060e-01
   5.5243224e-01
  -3.4176934e-01
  -2.8916090e-01
   4.9982582e-01
  -2.3655468e-01
   4.4722420e-01
  -1.8395026e-01
  -1.3134738e-01
   3.9462586e-01
  -7.8745875e-02
  -2.6145647e-02
   3.4202955e-01
   2.6453371e-02
   2.8943427e-01
   7.9051242e-02
   1.3164806e-01
   2.3683926e-01
   1.8424398e-01
  -1.0000000e+00
  -9.4727504e-01
  -8.9455948e-01
  -8.4185674e-01
   1.0000000e+00
   9.4729891e-01
  -7.8916850e-01
   8.9460721e-01
  -7.3649496e-01
   8.4192820e-01
  -6.8383522e-01
   7.8926342e-01
  -6.3118775e-01
   7.3661295e-01
  -5.7855072e-01
   6.8397575e-01
  -5.2592223e-01
   6.3135015e-01
  -4.7330053e-01
   5.7873413e-01
  -4.2068411e-01
  -3.6807173e-01
   5.2612565e-01
  -3.1546243e-01
   4.7352276e-01
  -2.6285550e-01
  -2.1025047e-01
   4.2092378e-01
  -1.5764700e-01
  -1.0504493e-01
   3.6832727e-01
  -5.2444134e-02
   1.5543566e-04
   3.1573212e-01
   5.2753820e-02
   2.6313746e-01
   1.0535107e-01
   2.1054266e-01
   1.5794730e-01
  -9.7363510e-01
  -9.2091164e-01
  -8.6820024e-01
   9.7364717e-01
  -8.1550350e-01
   9.2094787e-01
  -7.6282224e-01
   8.6826055e-01
   8.1558769e-01
  -7.1015591e-01
   7.6292997e-01
  -6.5750309e-01
  -6.0486186e-01
   7.1028671e-01
  -5.5223021e-01
   6.5765633e-01
  -4.9960620e-01
   6.0503677e-01
  -4.4698810e-01
   5.5242584e-01
  -3.9437450e-01
  -3.4176430e-01
   4.9982141e-01
  -2.8915666e-01
   4.4722158e-01
  -2.3655101e-01
  -1.8394697e-01
   3.9462477e-01
  -1.3134433e-01
  -7.8742963e-02
   3.4202969e-01
  -2.6142814e-02
   2.6456138e-02
   2.8943534e-01
   7.9053914e-02
   2.3684101e-01
   1.3165056e-01
   1.8424619e-01
  -1.0000000e+00
  -9.4726898e-01
  -8.9454865e-01
   1.0000000e+00
  -8.4184278e-01
   9.4729339e-01
   8.9459747e-01
  -7.8915302e-01
   8.4191586e-01
  -7.3647932e-01
   7.8925009e-01
  -6.8382043e-01
   7.3659996e-01
  -6.3117445e-01
   6.8396407e-01
  -5.7853921e-01
  -5.2591257e-01
   6.3134037e-01
  -4.7329260e-01
   5.7872652e-01
  -4.2067768e-01
   5.2612021e-01
  -3.6806652e-01
  -3.1545815e-01
   4.7351933e-01
  -2.6285189e-01
   4.2092207e-01
  -2.1024730e-01
  -1.5764410e-01
   3.6832698e-01
  -1.0504216e-01
  -5.2441420e-02
   3.1573291e-01
   1.5813624e-04
   5.2756500e-02
   2.6313903e-01
   1.0535368e-01
   2.1054477e-01
   1.5794973e-01
  -9.7363173e-01
  -9.2090245e-01
  -8.6818690e-01
   9.7364405e-01
   9.2093946e-01
  -8.1548785e-01
   8.6824853e-01
  -7.6280590e-01
   8.1557386e-01
  -7.1014014e-01
   7.6291595e-01
  -6.5748873e-01
   7.1027372e-01
  -6.0484938e-01
   6.5764517e-01
  -5.5221975e-01
   6.0502787e-01
  -4.9959767e-01
  -4.4698128e-01
   5.5241929e-01
  -3.9436909e-01
   4.9981708e-01
  -3.4175997e-01
  -2.8915312e-01
   4.4721921e-01
  -2.3654799e-01
  -1.8394426e-01
   3.9462401e-01
  -1.3134176e-01
   3.4203017e-01
  -7.8740420e-02
  -2.6140238e-02
   2.8943674e-01
   2.6458764e-02
   7.9056558e-02
   2.3684303e-01
   1.3165315e-01
   1.8424859e-01
  -1.0000000e+00
  -9.4726208e-01
  -8.9453647e-01
   1.0000000e+00
   9.4728700e-01
  -8.4182731e-01
   8.9458631e-01
  -7.8913616e-01
   8.4190191e-01
  -7.3646263e-01
   7.8923523e-01
  -6.8380500e-01
   7.3658571e-01
  -6.3116092e-01
   6.8395151e-01
  -5.7852785e-01
   6.3133010e-01
  -5.2590335e-01
   5.7871877e-01
  -4.7328532e-01
  -4.2067202e-01
   5.2611491e-01
  -3.6806213e-01
   4.7351623e-01
  -3.1545468e-01
  -2.6284904e-01
   4.2092081e-01
  -2.1024481e-01
  -1.5764177e-01
   3.6832715e-01
  -1.0503985e-01
  -5.2439030e-02
   3.1573414e-01
   1.6064114e-04
   2.6314099e-01
   5.2759113e-02
   1.0535635e-01
   2.1054716e-01
   1.5795234e-01
  -9.7362788e-01
  -9.2089207e-01
   9.7364045e-01
  -8.6817207e-01
   9.2092982e-01
  -8.1547073e-01
   8.6823492e-01
  -7.6278838e-01
   8.1555844e-01
  -7.1012362e-01
   7.6290057e-01
  -6.5747408e-01
   7.1025976e-01
  -6.0483702e-01
   6.5763349e-01
  -5.5220976e-01
   6.0501883e-01
  -4.9958986e-01
   5.5241293e-01
  -4.4697533e-01
  -3.9436462e-01
   4.9981318e-01
  -3.4175658e-01
   4.4721739e-01
  -2.8915045e-01
  -2.3654575e-01
   3.9462385e-01
  -1.8394222e-01
  -1.3133973e-01
   3.4203125e-01
  -7.8738282e-02
  -2.6137924e-02
   2.8943866e-01
   2.6461269e-02
   2.3684546e-01
   7.9059224e-02
   1.3165589e-01
   1.8425128e-01
  -1.0000000e+00
  -9.4725427e-01
   1.0000000e+00
  -8.9452285e-01
   9.4727966e-01
  -8.4181030e-01
   8.9457364e-01
  -7.8911799e-01
   8.4188631e-01
  -7.3644504e-01
   7.8921891e-01
  -6.8378917e-01
   7.3657041e-01
  -6.3114748e-01
   6.8393835e-01
  -5.7851698e-01
   6.3131969e-01
  -5.2589494e-01
   5.7871125e-01
  -4.7327903e-01
   5.2611012e-01
  -4.2066744e-01
  -3.6805881e-01
   4.7351380e-01
  -3.1545223e-01
   4.2092029e-01
  -2.6284710e-01
  -2.1024310e-01
   3.6832806e-01
  -1.5764009e-01
  -1.0503803e-01
   3.1573605e-01
  -5.2436983e-02
   1.6295839e-04
   2.6314350e-01
   5.2761695e-02
   1.0535914e-01
   2.1054998e-01
   1.5795523e-01
  -9.7362350e-01
  -9.2088041e-01
   9.7363630e-01
  -8.6815566e-01
   9.2091884e-01
  -8.1545217e-01
   8.6821964e-01
   8.1554145e-01
  -7.6276982e-01
   7.6288401e-01
  -7.1010658e-01
  -6.5745946e-01
   7.1024511e-01
  -6.0482518e-01
   6.5762161e-01
  -5.5220063e-01
   6.0501006e-01
  -4.9958315e-01
   5.5240716e-01
  -4.4697060e-01
   4.9981007e-01
  -3.9436137e-01
  -3.4175436e-01
   4.4721648e-01
  -2.8914886e-01
  -2.3654445e-01
   3.9462460e-01
  -1.8394094e-01
  -1.3133830e-01
   3.4203316e-01
  -7.8736581e-02
  -2.6135880e-02
   2.8944130e-01
   2.6463676e-02
   2.3684847e-01
   7.9061963e-02
   1.3165888e-01
   1.8425438e-01
  -1.0000000e+00
  -9.4724543e-01
   1.0000000e+00
  -8.9450770e-01
   9.4727126e-01
   8.9455935e-01
  -8.4179173e-01
   8.4186904e-01
  -7.8909862e-01
   7.8920125e-01
  -7.3642681e-01
   7.3655427e-01
  -6.8377329e-01
   6.8392494e-01
  -6.3113453e-01
  -5.7850704e-01
   6.3130954e-01
  -5.2588773e-01
   5.7870440e-01
  -4.7327410e-01
   5.2610627e-01
  -4.2066425e-01
   4.7351244e-01
  -3.6805685e-01
  -3.1545101e-01
   4.2092086e-01
  -2.6284625e-01
  -2.1024231e-01
   3.6833000e-01
  -1.5763913e-01
  -1.0503676e-01
   3.1573885e-01
  -5.2435299e-02
   1.6509690e-04
   2.6314676e-01
   5.2764282e-02
   1.0536212e-01
   2.1055337e-01
   1.5795850e-01
  -9.7361852e-01
  -9.2086732e-01
   9.7363153e-01
   9.2090639e-01
  -8.6813762e-01
   8.6820264e-01
  -8.1543223e-01
   8.1552296e-01
  -7.6275043e-01
   7.6286645e-01
  -7.1008938e-01
   7.1023010e-01
  -6.5744529e-01
   6.5760997e-01
  -6.0481429e-01
  -5.5219282e-01
   6.0500200e-01
  -4.9957796e-01
   5.5240245e-01
  -4.4696744e-01
   4.9980821e-01
  -3.9435967e-01
  -3.4175357e-01
   4.4721685e-01
  -2.8914852e-01
   3.9462657e-01
  -2.3654421e-01
  -1.8394054e-01
   3.4203617e-01
  -1.3133755e-01
  -7.8735350e-02
  -2.6134107e-02
   2.8944486e-01
   2.6466007e-02
   2.3685221e-01
   7.9064825e-02
   1.3166220e-01
   1.8425801e-01
  -1.0000000e+00
  -9.4723544e-01
   1.0000000e+00
   9.4726168e-01
  -8.9449088e-01
   8.9454334e-01
  -8.4177161e-01
   8.4185011e-01
  -7.8907820e-01
   7.8918240e-01
  -7.3640822e-01
   7.3653762e-01
  -6.8375778e-01
   6.8391170e-01
  -6.3112256e-01
   6.3130014e-01
  -5.7849851e-01
  -5.2588220e-01
   5.7869873e-01
  -4.7327095e-01
   5.2610383e-01
  -4.2066281e-01
   4.7351258e-01
  -3.6805651e-01
  -3.1545125e-01
   4.2092288e-01
  -2.6284665e-01
  -2.1024255e-01
   3.6833326e-01
  -1.5763898e-01
  -1.0503608e-01
   3.1574279e-01
  -5.2433994e-02
   1.6706595e-04
   2.6315094e-01
   5.2766910e-02
   1.0536535e-01
   2.1055745e-01
   1.5796224e-01
  -9.7361284e-01
   9.7362604e-01
  -9.2085267e-01
   9.2089230e-01
  -8.6811786e-01
   8.6818384e-01
  -8.1541100e-01
   8.1550305e-01
  -7.6273048e-01
   7.6284817e-01
  -7.1007240e-01
   7.1021514e-01
  -6.5743208e-01
   6.5759908e-01
  -6.0480490e-01
   6.0499522e-01
  -5.5218685e-01
  -4.9957476e-01
   5.5239934e-01
  -4.4696627e-01
   4.9980808e-01
  -3.9435983e-01
   4.4721892e-01
  -3.4175445e-01
  -2.8914963e-01
   3.9463012e-01
  -2.3654518e-01
  -1.8394110e-01
   3.4204056e-01
  -1.3133752e-01
  -7.8734617e-02
  -2.6132610e-02
   2.8944957e-01
   2.6468285e-02
   7.9067857e-02
   2.3685685e-01
   1.3166591e-01
   1.8426228e-01
  -1.0000000e+00
  -9.4722414e-01
   1.0000000e+00
   9.4725074e-01
  -8.9447226e-01
   8.9452545e-01
  -8.4174994e-01
   8.4182953e-01
  -7.8905695e-01
   7.8916259e-01
  -7.3638969e-01
   7.3652086e-01
  -6.8374315e-01
   6.8389915e-01
  -6.3111214e-01
   6.3129209e-01
  -5.7849197e-01
   5.7869482e-01
  -5.2587888e-01
  -4.7327003e-01
   5.2610335e-01
  -4.2066350e-01
   4.7351470e-01
  -3.6805810e-01
  -3.1545317e-01
   4.2092676e-01
  -2.6284845e-01
  -2.1024393e-01
   3.6833816e-01
  -1.5763972e-01
  -1.0503603e-01
   3.1574812e-01
  -5.2433083e-02
   1.6887491e-04
   5.2769611e-02
   2.6315623e-01
   1.0536890e-01
   2.1056236e-01
   1.5796655e-01
  -9.7360635e-01
   9.7361972e-01
  -9.2083625e-01
   9.2087641e-01
  -8.6809632e-01
   8.6816317e-01
  -8.1538863e-01
   8.1548190e-01
  -7.6271032e-01
   7.6282955e-01
  -7.1005619e-01
   7.1020078e-01
  -6.5742043e-01
   6.5758958e-01
  -6.0479764e-01
   6.0499036e-01
  -5.5218331e-01
   5.5239843e-01
  -4.9957406e-01
  -4.4696752e-01
   4.9981021e-01
  -3.9436219e-01
   4.4722316e-01
  -3.4175726e-01
  -2.8915238e-01
   3.9463561e-01
  -2.3654749e-01
  -1.8394271e-01
   3.4204659e-01
  -1.3133827e-01
  -7.8734409e-02
  -2.6131391e-02
   2.8945562e-01
   2.6470529e-02
   7.9071104e-02
   2.3686252e-01
   1.3167010e-01
   1.8426730e-01
  -1.0000000e+00
   1.0000000e+00
  -9.4721132e-01
   9.4723825e-01
  -8.9445170e-01
   8.9450556e-01
  -8.4172679e-01
   8.4180738e-01
  -7.8903517e-01
   7.8914213e-01
  -7.3637172e-01
   7.3650451e-01
  -6.8373006e-01
   6.8388797e-01
  -6.3110395e-01
   6.3128609e-01
  -5.7848809e-01
   5.7869335e-01
  -5.2587835e-01
  -4.7327184e-01
   5.2610545e-01
  -4.2066671e-01
   4.7351930e-01
  -3.6806191e-01
   4.2093289e-01
  -3.1545698e-01
  -2.6285182e-01
  -2.1024655e-01
   3.6834501e-01
  -1.5764140e-01
  -1.0503664e-01
  -5.2432576e-02
   3.1575505e-01
   1.7053298e-04
   5.2772417e-02
   2.6316278e-01
   1.0537282e-01
   1.5797150e-01
   2.1056822e-01
  -9.7359889e-01
   9.7361242e-01
  -9.2081785e-01
   9.2085849e-01
  -8.6807297e-01
   8.6814061e-01
  -8.1536535e-01
   8.1545972e-01
  -7.6269044e-01
   7.6281109e-01
  -7.1004140e-01
   7.1018769e-01
  -6.5741109e-01
   6.5758221e-01
  -6.0479324e-01
   6.0498817e-01
  -5.5218288e-01
   5.5240041e-01
  -4.9957644e-01
  -4.4697162e-01
   4.9981519e-01
  -3.9436710e-01
   4.4723000e-01
  -3.4176225e-01
  -2.8915693e-01
   3.9464338e-01
  -2.3655125e-01
  -1.8394545e-01
  -1.3133985e-01
   3.4205454e-01
  -7.8734743e-02
  -2.6130448e-02
   2.6472757e-02
   2.8946320e-01
   7.9074601e-02
   1.3167482e-01
   2.3686936e-01
   1.8427316e-01
  -1.0000000e+00
   1.0000000e+00
  -9.4719673e-01
   9.4722396e-01
  -8.9442904e-01
   8.9448350e-01
  -8.4170229e-01
   8.4178379e-01
  -7.8901330e-01
   7.8912146e-01
  -7.3635498e-01
   7.3648927e-01
  -6.8371929e-01
   6.8387897e-01
  -6.3109883e-01
   6.3128297e-01
  -5.7848762e-01
   5.7869510e-01
  -5.2588127e-01
   5.2611078e-01
  -4.7327690e-01
  -4.2067281e-01
   4.7352692e-01
  -3.6806822e-01
   4.2094169e-01
  -3.1546287e-01
  -2.6285687e-01
  -2.1025049e-01
   3.6835411e-01
  -1.5764407e-01
  -1.0503795e-01
  -5.2432480e-02
   1.7204901e-04
   3.1576381e-01
   5.2775349e-02
   1.0537715e-01
   2.6317076e-01
   1.5797717e-01
   2.1057513e-01
  -9.7359027e-01
   9.7360394e-01
  -9.2079722e-01
   9.2083829e-01
  -8.6804779e-01
   8.6811616e-01
  -8.1534150e-01
   8.1543688e-01
  -7.6267150e-01
   7.6279344e-01
  -7.1002887e-01
   7.1017672e-01
  -6.5740497e-01
   6.5757789e-01
  -6.0479256e-01
   6.0498953e-01
  -5.5218628e-01
   5.5240604e-01
  -4.9958248e-01
   4.9982361e-01
  -4.4697903e-01
  -3.9437487e-01
   4.4723994e-01
  -3.4176965e-01
  -2.8916344e-01
   3.9465377e-01
  -2.3655656e-01
  -1.8394937e-01
  -1.3134227e-01
  -7.8735631e-02
   3.4206464e-01
  -2.6129779e-02
   2.6474984e-02
   7.9078377e-02
   2.8947248e-01
   1.3168012e-01
   1.8427992e-01
   2.3687748e-01
  -1.0000000e+00
   1.0000000e+00
  -9.4718006e-01
   9.4720756e-01
  -8.9440412e-01
   8.9445913e-01
  -8.4167666e-01
   8.4175898e-01
  -7.8899194e-01
   7.8910121e-01
  -7.3634033e-01
   7.3647599e-01
  -6.8371182e-01
   6.8387312e-01
  -6.3109772e-01
   6.3128371e-01
  -5.7849140e-01
   5.7870093e-01
  -5.2588831e-01
   5.2612003e-01
  -4.7328571e-01
  -4.2068220e-01
   4.7353809e-01
  -3.6807728e-01
   4.2095354e-01
  -3.1547101e-01
  -2.6286371e-01
  -2.1025581e-01
   3.6836573e-01
  -1.5764776e-01
  -1.0503997e-01
  -5.2432797e-02
   1.7343148e-04
   5.2778427e-02
   3.1577457e-01
   1.0538191e-01
   1.5798359e-01
   2.6318027e-01
   2.1058316e-01
  -9.7358022e-01
   9.7359402e-01
  -9.2077406e-01
   9.2081552e-01
  -8.6802086e-01
   8.6808988e-01
  -8.1531760e-01
   8.1541391e-01
  -7.6265436e-01
   7.6277748e-01
  -7.1001966e-01
   7.1016895e-01
  -6.5740312e-01
   6.5757772e-01
  -6.0479657e-01
   6.0499541e-01
  -5.5219430e-01
   5.5241611e-01
  -4.9959279e-01
   4.9983611e-01
  -4.4699018e-01
  -3.9438580e-01
   4.4725339e-01
  -3.4177962e-01
  -2.8917202e-01
   3.9466710e-01
  -2.3656347e-01
  -1.8395449e-01
  -1.3134556e-01
  -7.8737073e-02
  -2.6129379e-02
   2.6477221e-02
   3.4207709e-01
   7.9082450e-02
   1.3168603e-01
   2.8948358e-01
   1.8428764e-01
   2.3688696e-01
  -1.0000000e+00
   1.0000000e+00
  -9.4716094e-01
   9.4718868e-01
  -8.9437684e-01
   8.9443234e-01
  -8.4165028e-01
   8.4173335e-01
  -7.8897192e-01
   7.8908220e-01
  -7.3632890e-01
   7.3646582e-01
  -6.8370885e-01
   6.8387164e-01
  -6.3110173e-01
   6.3128942e-01
  -5.7850035e-01
   5.7871177e-01
  -5.2590018e-01
   5.2613394e-01
  -4.7329878e-01
  -4.2069519e-01
   4.7355332e-01
  -3.6808931e-01
   4.2096878e-01
  -3.1548153e-01
  -2.6287241e-01
  -2.1026255e-01
  -1.5765249e-01
  -1.0504268e-01
  -5.2433519e-02
   3.6838008e-01
   1.7468840e-04
   5.2781660e-02
   1.0538713e-01
   3.1578747e-01
   1.5799081e-01
   2.1059236e-01
   2.6319140e-01
  -9.7356843e-01
   9.7358234e-01
  -9.2074807e-01
   9.2078987e-01
  -8.6799237e-01
   8.6806199e-01
  -8.1529441e-01
   8.1539156e-01
  -7.6264017e-01
   7.6276438e-01
  -7.1001507e-01
   7.1016568e-01
  -6.5740681e-01
   6.5758295e-01
  -6.0480633e-01
   6.0500689e-01
  -5.5220778e-01
   5.5243147e-01
  -4.9960794e-01
   4.9985328e-01
  -4.4700545e-01
  -3.9440011e-01
   4.4727077e-01
  -3.4179231e-01
  -2.8918272e-01
  -2.3657201e-01
   3.9468360e-01
  -1.8396083e-01
  -1.3134970e-01
  -7.8739060e-02
  -2.6129239e-02
   2.6479474e-02
   7.9086824e-02
   3.4209203e-01
   1.3169255e-01
   1.8429634e-01
   2.8949658e-01
   2.3689784e-01
  -1.0000000e+00
   1.0000000e+00
  -9.4713889e-01
   9.4716684e-01
  -8.9434714e-01
   8.9440309e-01
  -8.4162376e-01
   8.4170752e-01
  -7.8895440e-01
   7.8906561e-01
  -7.3632209e-01
   7.3646017e-01
  -6.8371179e-01
   6.8387597e-01
  -6.3111209e-01
   6.3130137e-01
  -5.7851544e-01
   5.7872860e-01
  -5.2591756e-01
   5.2615319e-01
  -4.7331656e-01
  -4.2071205e-01
   4.7357307e-01
  -3.6810443e-01
   4.2098769e-01
  -3.1549447e-01
  -2.6288298e-01
  -2.1027069e-01
  -1.5765823e-01
  -1.0504608e-01
  -5.2434633e-02
   1.7582733e-04
   5.2785050e-02
   3.6839732e-01
   1.0539280e-01
   1.5799880e-01
   3.1580258e-01
   2.1060273e-01
   2.6320417e-01
  -9.7355445e-01
   9.7356844e-01
  -9.2071891e-01
   9.2076102e-01
  -8.6796272e-01
   8.6803287e-01
  -8.1527301e-01
   8.1537093e-01
  -7.6263043e-01
   7.6275566e-01
  -7.1001671e-01
   7.1016856e-01
  -6.5741748e-01
   6.5759505e-01
  -6.0482298e-01
   6.0502515e-01
  -5.5222752e-01
   5.5245295e-01
  -4.9962846e-01
   4.9987564e-01
  -4.4702514e-01
  -3.9441795e-01
   4.4729239e-01
  -3.4180777e-01
  -2.8919554e-01
  -2.3658216e-01
  -1.3135467e-01
  -1.8396835e-01
  -7.8741569e-02
  -2.6129346e-02
   2.6481746e-02
   3.9470344e-01
   7.9091493e-02
   1.3169967e-01
   1.8430599e-01
   3.4210953e-01
   2.3691010e-01
   2.8951149e-01
  -1.0000000e+00
   1.0000000e+00
  -9.4711337e-01
   9.4714150e-01
  -8.9431512e-01
   8.9437146e-01
  -8.4159806e-01
   8.4168245e-01
  -7.8894094e-01
   7.8905300e-01
  -7.3632171e-01
   7.3646088e-01
  -6.8372234e-01
   6.8388781e-01
  -6.3113019e-01
   6.3132092e-01
  -5.7853765e-01
   5.7875241e-01
  -5.2594107e-01
   5.2617842e-01
  -4.7333938e-01
  -4.2073293e-01
   4.7359770e-01
  -3.6812270e-01
  -3.1550983e-01
   4.2101045e-01
  -1.0505013e-01
  -2.6289536e-01
  -5.2436117e-02
  -1.5766493e-01
  -2.1028018e-01
   1.7685543e-04
   5.2788588e-02
   1.0539889e-01
   1.5800754e-01
   3.6841751e-01
   2.1061424e-01
   3.1581990e-01
   2.6321856e-01
  -9.7353769e-01
   9.7355176e-01
  -9.2068631e-01
   9.2072869e-01
  -8.6793260e-01
   8.6800324e-01
  -8.1525496e-01
   8.1535360e-01
  -7.6262714e-01
   7.6275330e-01
  -7.1002654e-01
   7.1017953e-01
  -6.5743677e-01
   6.5761567e-01
  -6.0484772e-01
   6.0505136e-01
  -5.5225427e-01
   5.5248130e-01
  -4.9965476e-01
   4.9990362e-01
  -4.4704942e-01
  -3.9443937e-01
   4.4731842e-01
  -3.4182595e-01
  -7.8744563e-02
  -2.6129684e-02
  -1.3136042e-01
  -2.8921043e-01
  -1.8397697e-01
   2.6484033e-02
  -2.3659384e-01
   7.9096433e-02
   1.3170735e-01
   3.9472666e-01
   1.8431654e-01
   2.3692368e-01
   3.4212956e-01
   2.8952825e-01
  -1.0000000e+00
   1.0000000e+00
  -9.4708371e-01
   9.4711200e-01
  -8.9428110e-01
   8.9433781e-01
  -8.4157462e-01
   8.4165960e-01
  -7.8893366e-01
   7.8904653e-01
  -7.3633000e-01
   7.3647019e-01
  -6.8374244e-01
   6.8390912e-01
  -6.3115743e-01
   6.3134953e-01
  -5.7856788e-01
   5.7878412e-01
  -5.2597121e-01
   5.2621012e-01
  -4.7336745e-01
  -4.2075787e-01
   4.7362741e-01
  -3.6814404e-01
  -5.2437940e-02
  -1.0505477e-01
   1.7777947e-04
  -1.5767253e-01
  -3.1552749e-01
  -2.1029092e-01
   5.2792257e-02
  -2.6290947e-01
   1.0540537e-01
   4.2103708e-01
   1.5801697e-01
   2.1062680e-01
   3.6844059e-01
   2.6323445e-01
   3.1583934e-01
  -9.7351737e-01
   9.7353151e-01
  -9.2065010e-01
   9.2069273e-01
  -8.6790323e-01
   8.6797432e-01
  -8.1524247e-01
   8.1534178e-01
  -7.6263283e-01
   7.6275988e-01
  -7.1004686e-01
   7.1020094e-01
  -6.5746642e-01
   6.5764657e-01
  -6.0488164e-01
   6.0508665e-01
  -5.5228862e-01
   5.5251711e-01
  -4.9968705e-01
   4.9993745e-01
  -4.4707830e-01
  -3.9446424e-01
  -7.8747992e-02
  -2.6130230e-02
  -1.3136685e-01
   2.6486328e-02
  -1.8398660e-01
  -3.4184672e-01
   7.9101606e-02
   4.4734888e-01
  -2.3660691e-01
  -2.8922722e-01
   1.3171552e-01
   1.8432790e-01
   3.9475316e-01
   2.3693846e-01
   2.8954673e-01
   3.4215198e-01
  -1.0000000e+00
   1.0000000e+00
  -9.4704919e-01
   9.4707763e-01
  -8.9424586e-01
   8.9430290e-01
  -8.4155564e-01
   8.4164115e-01
  -7.8893541e-01
   7.8904905e-01
  -7.3634972e-01
   7.3649087e-01
  -6.8377424e-01
   6.8394205e-01
  -6.3119523e-01
   6.3138859e-01
  -5.7860686e-01
   5.7882446e-01
  -5.2600821e-01
   5.2624856e-01
  -4.7340075e-01
  -4.2078670e-01
  -5.2440060e-02
   4.7366219e-01
   1.7860592e-04
  -1.0505993e-01
  -1.5768091e-01
   5.2796028e-02
  -3.6816826e-01
  -2.1030277e-01
   1.0541218e-01
  -2.6292511e-01
  -3.1554727e-01
   1.5802698e-01
   2.1064027e-01
   4.2106743e-01
   2.6325170e-01
   3.6846637e-01
   3.1586070e-01
  -9.7349247e-01
   9.7350665e-01
  -9.2061038e-01
   9.2065323e-01
  -8.6787656e-01
   8.6794809e-01
  -8.1523864e-01
   8.1533859e-01
  -7.6265076e-01
   7.6277866e-01
  -7.1008034e-01
   7.1023546e-01
  -6.5750819e-01
   6.5768951e-01
  -6.0492568e-01
   6.0513196e-01
  -5.5233089e-01
   5.5256072e-01
  -4.9972531e-01
   4.9997709e-01
  -4.4711156e-01
  -2.6130959e-02
  -7.8751790e-02
   2.6488617e-02
  -1.3137387e-01
   7.9106961e-02
  -1.8399709e-01
  -3.9449231e-01
  -2.3662119e-01
   1.3172408e-01
  -2.8924569e-01
  -3.4186979e-01
   1.8433992e-01
   4.4738357e-01
   2.3695426e-01
   2.8956671e-01
   3.9478269e-01
   3.4217655e-01
  -1.0000000e+00
   1.0000000e+00
  -9.4700908e-01
   9.4703763e-01
  -8.9421088e-01
   8.9426824e-01
  -8.4154431e-01
   8.4163036e-01
  -7.8894997e-01
   7.8906434e-01
  -7.3638412e-01
   7.3652620e-01
  -6.8381998e-01
   6.8398886e-01
  -6.3124476e-01
   6.3143931e-01
  -5.7865500e-01
   5.7887385e-01
  -5.2605204e-01
   5.2629368e-01
  -4.7343899e-01
  -5.2442429e-02
   1.7934100e-04
  -1.0506551e-01
   5.2799866e-02
  -1.5768992e-01
   1.0541922e-01
  -4.2081907e-01
  -2.1031553e-01
  -2.6294203e-01
   1.5803745e-01
  -3.6819501e-01
  -3.1556885e-01
   4.7370176e-01
   2.1065448e-01
   2.6327006e-01
   4.2110117e-01
   3.1588369e-01
   3.6849450e-01
  -9.7346155e-01
   9.7347576e-01
  -9.2056781e-01
   9.2061087e-01
  -8.6785573e-01
   8.6792768e-01
  -8.1524774e-01
   8.1534833e-01
  -7.6268492e-01
   7.6281366e-01
  -7.1012984e-01
   7.1028594e-01
  -6.5756364e-01
   6.5774606e-01
  -6.0498037e-01
   6.0518782e-01
  -5.5238099e-01
   5.5261203e-01
  -4.9976913e-01
  -2.6131842e-02
  -7.8755882e-02
   2.6490883e-02
  -1.3138134e-01
   7.9112433e-02
  -1.8400823e-01
  -4.4714874e-01
   1.3173293e-01
   5.0002217e-01
  -2.3663642e-01
  -2.8926550e-01
   1.8435243e-01
  -3.9452312e-01
  -3.4189479e-01
   2.3697084e-01
   4.4742203e-01
   2.8958786e-01
   3.4220287e-01
   3.9481480e-01
  -1.0000000e+00
   1.0000000e+00
  -9.4696274e-01
   9.4699141e-01
  -8.9417884e-01
   8.9423651e-01
  -8.4154536e-01
   8.4163193e-01
  -7.8898219e-01
   7.8909730e-01
  -7.3643690e-01
   7.3657989e-01
  -6.8388173e-01
   6.8405164e-01
  -6.3130677e-01
   6.3150241e-01
  -5.7871219e-01
   5.7893218e-01
  -5.2610218e-01
  -5.2444990e-02
   1.7999077e-04
  -1.0507141e-01
   5.2803725e-02
   5.2634499e-01
  -1.5769940e-01
  -4.7348156e-01
   1.0542641e-01
  -2.1032897e-01
   1.5804822e-01
  -2.6295993e-01
  -4.2085440e-01
  -3.1559182e-01
   2.1066919e-01
  -3.6822378e-01
   2.6328921e-01
   4.7374552e-01
   3.1590791e-01
   4.2113771e-01
   3.6852450e-01
  -9.7342271e-01
   9.7343694e-01
  -9.2052399e-01
   9.2056727e-01
  -8.6784560e-01
   8.6791797e-01
  -8.1527556e-01
   8.1537679e-01
  -7.6274004e-01
   7.6286961e-01
  -7.1019814e-01
   7.1035520e-01
  -6.5763379e-01
   6.5781723e-01
  -6.0504559e-01
   6.0525411e-01
  -5.5243828e-01
   5.5267040e-01
  -2.6132845e-02
  -7.8760176e-02
   2.6493105e-02
  -1.3138912e-01
   7.9117943e-02
  -4.9981776e-01
  -1.8401983e-01
   1.3174192e-01
  -2.3665229e-01
   1.8436523e-01
  -2.8928627e-01
  -4.4718909e-01
  -3.4192120e-01
   2.3698791e-01
  -3.9455604e-01
   5.0007189e-01
   2.8960981e-01
   3.4223044e-01
   4.4746350e-01
   3.9484886e-01
  -1.0000000e+00
   1.0000000e+00
  -9.4690998e-01
   9.4693876e-01
  -8.9415428e-01
   8.9421229e-01
  -8.4156549e-01
   8.4165261e-01
  -7.8903812e-01
   7.8915398e-01
  -7.3651185e-01
   7.3665573e-01
  -6.8396096e-01
   6.8413184e-01
  -6.3138116e-01
   6.3157779e-01
  -5.7877762e-01
   5.7899862e-01
  -5.2447679e-02
   1.8056120e-04
  -5.2615763e-01
  -1.0507749e-01
   5.2807553e-02
  -1.5770915e-01
   1.0543363e-01
  -2.1034280e-01
   1.5805910e-01
  -2.6297841e-01
   2.1068414e-01
  -4.7352751e-01
   5.2640147e-01
  -3.1561569e-01
  -3.6825393e-01
  -4.2089189e-01
   2.6330881e-01
   3.1593287e-01
   4.7379251e-01
   3.6855573e-01
   4.2117626e-01
  -9.7337335e-01
   9.7338758e-01
  -9.2048231e-01
   9.2052582e-01
  -8.6785356e-01
   8.6792639e-01
  -8.1532970e-01
   8.1543161e-01
  -7.6282127e-01
   7.6295168e-01
  -7.1028738e-01
   7.1044536e-01
  -6.5771862e-01
   6.5790301e-01
  -6.0512030e-01
   6.0532977e-01
  -5.5250143e-01
  -2.6133934e-02
  -7.8764576e-02
   2.6495259e-02
  -1.3139704e-01
   7.9123407e-02
  -1.8403162e-01
   1.3175090e-01
  -2.3666847e-01
   1.8437808e-01
   5.5273451e-01
  -4.9986994e-01
  -2.8930752e-01
   2.3700513e-01
  -3.4194840e-01
  -4.4723159e-01
  -3.9459026e-01
   2.8963208e-01
   5.0012505e-01
   3.4225864e-01
   3.9488407e-01
   4.4750699e-01
  -1.0000000e+00
   1.0000000e+00
  -9.4685156e-01
   9.4688046e-01
  -8.9414479e-01
   8.9420317e-01
  -8.4161409e-01
   8.4170182e-01
  -7.8912480e-01
   7.8924145e-01
  -7.3661217e-01
   7.3675693e-01
  -6.8405786e-01
   6.8422964e-01
  -6.3146660e-01
   6.3166414e-01
  -5.7884957e-01
   1.8105828e-04
  -5.2450428e-02
   5.2811295e-02
  -1.0508363e-01
  -1.5771895e-01
   1.0544076e-01
   5.7907146e-01
  -2.1035672e-01
   1.5806989e-01
  -2.6299706e-01
  -5.2621681e-01
   2.1069904e-01
  -3.1563987e-01
   2.6332842e-01
  -3.6828470e-01
  -4.7357555e-01
  -4.2093052e-01
   3.1595801e-01
   5.2646155e-01
   3.6858744e-01
   4.7384147e-01
   4.2121581e-01
  -9.7330991e-01
   9.7332413e-01
  -9.2044911e-01
   9.2049290e-01
  -8.6789066e-01
   8.6796401e-01
  -8.1541961e-01
   8.1552225e-01
  -7.6293335e-01
   7.6306459e-01
  -7.1039809e-01
   7.1055694e-01
  -6.5781645e-01
   6.5800169e-01
  -6.0520224e-01
  -2.6135069e-02
   6.0541254e-01
   2.6497319e-02
  -7.8768978e-02
   7.9128731e-02
  -1.3140492e-01
   1.3175970e-01
  -1.8404335e-01
  -2.3668457e-01
   1.8439071e-01
  -5.5256840e-01
  -2.8932873e-01
   2.3702214e-01
  -3.4197566e-01
   2.8965418e-01
  -4.9992404e-01
  -3.9462481e-01
   5.5280231e-01
  -4.4727498e-01
   3.4228679e-01
   3.9491949e-01
   5.0017998e-01
   4.4755123e-01
  -1.0000000e+00
   1.0000000e+00
  -9.4679028e-01
   9.4681934e-01
  -8.9416268e-01
   8.9422149e-01
  -8.4170383e-01
   8.4179223e-01
  -7.8924940e-01
   7.8936686e-01
  -7.3673910e-01
   7.3688470e-01
  -6.8417036e-01
   6.8434295e-01
  -6.3156019e-01
   6.3175850e-01
   1.8148810e-04
  -5.2453165e-02
   5.2814891e-02
  -1.0508967e-01
   1.0544766e-01
  -1.5772859e-01
   1.5808037e-01
  -2.1037039e-01
  -5.7892538e-01
  -2.6301541e-01
   2.1071356e-01
  -3.1566375e-01
   2.6334760e-01
   5.7914805e-01
  -3.6831521e-01
  -5.2627763e-01
   3.1598270e-01
  -4.2096913e-01
  -4.7362411e-01
   3.6861876e-01
   5.2652313e-01
   4.2125522e-01
   4.7389080e-01
  -9.7322769e-01
   9.7324188e-01
  -9.2043591e-01
   9.2048004e-01
  -8.6797292e-01
   8.6804689e-01
  -8.1555577e-01
   8.1565919e-01
  -7.6307866e-01
   7.6321073e-01
  -7.1052766e-01
   7.1068728e-01
  -6.5792334e-01
   6.5810931e-01
  -2.6136212e-02
   2.6499260e-02
  -7.8773273e-02
   7.9133823e-02
  -1.3141258e-01
   1.3176815e-01
  -6.0528789e-01
  -1.8405472e-01
   1.8440287e-01
  -2.3670019e-01
  -2.8934933e-01
   2.3703854e-01
   6.0549889e-01
  -3.4200224e-01
   2.8967555e-01
  -5.5263648e-01
  -3.9465865e-01
   3.4231412e-01
  -4.4731780e-01
  -4.9997806e-01
   3.9495408e-01
   5.5287109e-01
   4.4759477e-01
   5.0023471e-01
  -1.0000000e+00
   1.0000000e+00
  -9.4673317e-01
   9.4676246e-01
  -8.9422778e-01
   8.9428715e-01
  -8.4185043e-01
   8.4193960e-01
  -7.8941669e-01
   7.8953498e-01
  -7.3688966e-01
   7.3703602e-01
  -6.8429326e-01
   6.8446654e-01
  -6.3165722e-01
   1.8185706e-04
  -5.2455821e-02
   5.2818284e-02
  -1.0509549e-01
   1.0545421e-01
  -1.5773784e-01
   1.5809035e-01
  -2.1038350e-01
   6.3185618e-01
   2.1072739e-01
  -2.6303299e-01
  -3.1568666e-01
   2.6336590e-01
  -5.7900160e-01
  -3.6834458e-01
   3.1600631e-01
  -4.2100646e-01
  -5.2633760e-01
  -4.7367141e-01
   3.6864881e-01
   5.7922490e-01
   4.2129322e-01
   5.2658375e-01
   4.7393876e-01
  -9.7312115e-01
   9.7313531e-01
  -9.2046331e-01
   9.2050790e-01
  -8.6812232e-01
   8.6819701e-01
  -8.1574652e-01
   8.1585076e-01
  -7.6325359e-01
   7.6338641e-01
  -7.1066890e-01
   7.1082917e-01
  -6.5803285e-01
  -2.6137323e-02
   2.6501056e-02
  -7.8777356e-02
   7.9138588e-02
  -1.3141983e-01
   6.5821940e-01
   1.3177608e-01
  -1.8406547e-01
   1.8441429e-01
  -2.3671494e-01
   2.3705395e-01
  -2.8936878e-01
  -6.0537264e-01
  -3.4202733e-01
   2.8969565e-01
  -3.9469068e-01
   3.4233985e-01
  -5.5270248e-01
  -4.4735849e-01
   6.0558422e-01
  -5.0002978e-01
   3.9498673e-01
   4.4763608e-01
   5.5293768e-01
   5.0028703e-01
  -1.0000000e+00
   1.0000000e+00
  -9.4669680e-01
   9.4672643e-01
  -8.9437158e-01
   8.9443166e-01
  -8.4206957e-01
   8.4215959e-01
  -7.8962333e-01
   7.8974237e-01
  -7.3705420e-01
   7.3720118e-01
  -6.8441775e-01
   6.8459156e-01
   1.8217238e-04
  -5.2458327e-02
   5.2821420e-02
  -1.0510094e-01
   1.0546028e-01
  -1.5774648e-01
   1.5809961e-01
  -2.1039573e-01
   2.1074023e-01
  -2.6304937e-01
  -6.3175174e-01
  -3.1570797e-01
   2.6338289e-01
  -3.6837189e-01
   3.1602822e-01
   6.3195121e-01
  -4.2104123e-01
  -5.7907424e-01
   3.6867671e-01
  -4.7371563e-01
  -5.2639406e-01
   4.2132855e-01
   5.7929806e-01
   4.7398353e-01
   5.2664074e-01
  -9.7298769e-01
   9.7300189e-01
  -9.2056812e-01
   9.2061334e-01
  -8.6836423e-01
   8.6843978e-01
  -8.1598853e-01
   8.1609353e-01
  -7.6344458e-01
   7.6357797e-01
  -7.1080914e-01
   7.1096989e-01
  -2.6138366e-02
   2.6502685e-02
  -7.8781126e-02
   7.9142943e-02
  -1.3142649e-01
   1.3178332e-01
  -1.8407533e-01
   1.8442473e-01
  -2.3672843e-01
  -6.5813688e-01
   2.3706801e-01
  -2.8938652e-01
   2.8971397e-01
  -3.4205019e-01
   6.5832388e-01
  -3.9471982e-01
   3.4236326e-01
  -6.0545136e-01
  -4.4739553e-01
   3.9501641e-01
  -5.0007697e-01
  -5.5276306e-01
   4.4767363e-01
   6.0566339e-01
   5.0033472e-01
   5.5299873e-01
  -1.0000000e+00
   1.0000000e+00
  -9.4672124e-01
   9.4675138e-01
  -8.9463990e-01
   8.9470089e-01
  -8.4236188e-01
   8.4245270e-01
  -7.8985118e-01
   7.8997078e-01
  -7.3721455e-01
   7.3736194e-01
   1.8244476e-04
  -5.2460624e-02
  -6.8453313e-01
   5.2824261e-02
  -1.0510590e-01
   1.0546579e-01
  -1.5775433e-01
   1.5810800e-01
  -2.1040680e-01
   2.1075184e-01
  -2.6306415e-01
   6.8470732e-01
  -3.1572713e-01
   2.6339819e-01
  -3.6839636e-01
   3.1604790e-01
  -6.3183736e-01
  -4.2107229e-01
   3.6870169e-01
  -4.7375507e-01
  -5.7913935e-01
  -5.2644444e-01
   4.2136010e-01
   6.3203723e-01
   4.7402344e-01
   5.7936358e-01
   5.2669156e-01
  -9.7284016e-01
   9.7285465e-01
  -9.2081551e-01
   9.2086159e-01
  -8.6870262e-01
   8.6877897e-01
  -8.1625686e-01
   8.1636239e-01
  -7.6362406e-01
   7.6375780e-01
  -7.1093358e-01
  -2.6139300e-02
   2.6504140e-02
  -7.8784495e-02
   7.9146832e-02
  -1.3143244e-01
   1.3178978e-01
  -1.8408408e-01
   7.1109463e-01
   1.8443400e-01
  -2.3674036e-01
   2.3708045e-01
  -2.8940214e-01
   2.8973008e-01
  -3.4207019e-01
   3.4238375e-01
  -3.9474518e-01
  -6.5822719e-01
  -4.4742758e-01
   3.9504223e-01
   6.5841452e-01
  -5.0011764e-01
  -6.0551913e-01
   4.4770613e-01
  -5.5281513e-01
   5.0037581e-01
   6.0573152e-01
   5.5305120e-01
   1.0000000e+00
  -1.0000000e+00
  -9.4690716e-01
   9.4693818e-01
  -8.9505643e-01
   8.9511829e-01
  -8.4269580e-01
   8.4278709e-01
  -7.9005722e-01
   7.9017708e-01
  -7.3735053e-01
   7.3749816e-01
  -5.2462667e-02
   1.8270263e-04
  -1.0511033e-01
   5.2826820e-02
  -1.5776130e-01
   1.0547073e-01
  -2.1041659e-01
   1.5811549e-01
  -6.8462924e-01
  -2.6307713e-01
   2.1076213e-01
  -3.1574383e-01
   2.6341167e-01
  -3.6841750e-01
   6.8480370e-01
   3.1606509e-01
  -4.2109888e-01
  -6.3190849e-01
   3.6872331e-01
  -4.7378853e-01
  -5.7919366e-01
  -5.2648679e-01
   4.2138716e-01
   6.3210867e-01
   4.7405733e-01
   5.2673432e-01
   5.7941826e-01
  -9.7277056e-01
   9.7278611e-01
  -9.2123590e-01
   9.2128281e-01
  -8.6910527e-01
   8.6918197e-01
  -8.1648394e-01
   8.1658962e-01
  -7.6376452e-01
   7.6389841e-01
  -2.6140081e-02
   2.6505470e-02
  -7.8787421e-02
   7.9150305e-02
  -1.3143761e-01
   1.3179550e-01
  -1.8409168e-01
   1.8444214e-01
  -2.3675065e-01
   2.3709127e-01
  -2.8941549e-01
  -7.1102994e-01
   2.8974396e-01
  -3.4208712e-01
   3.4240119e-01
   7.1119122e-01
  -3.9476638e-01
   3.9506393e-01
  -4.4745403e-01
  -6.5829753e-01
   4.4773306e-01
  -5.0015071e-01
  -5.5285685e-01
  -6.0557260e-01
   6.5848516e-01
   5.0040932e-01
   5.5309332e-01
   6.0578535e-01
   1.0000000e+00
  -1.0000000e+00
  -9.4737344e-01
   9.4740566e-01
  -8.9559427e-01
   8.9565611e-01
  -8.4294694e-01
   8.4303816e-01
  -7.9020098e-01
   7.9032088e-01
  -7.3744715e-01
   7.3759498e-01
  -5.2464447e-02
   1.8309826e-04
  -1.0511434e-01
  -6.8469991e-01
   5.2829389e-02
  -1.5776767e-01
   1.0547553e-01
  -2.1042549e-01
   1.5812264e-01
  -2.6308884e-01
   2.1077181e-01
  -3.1575871e-01
   2.6342414e-01
  -3.6843605e-01
  -6.3196281e-01
   6.8487472e-01
  -4.2112175e-01
   3.1608071e-01
  -4.7381662e-01
  -5.7923665e-01
  -5.2652139e-01
   3.6874257e-01
   4.2141071e-01
   6.3216345e-01
   4.7408607e-01
   5.2676951e-01
   5.7946178e-01
  -9.7264980e-01
   9.7266806e-01
   1.0000000e+00
  -1.0000000e+00
   9.2198871e-01
  -9.2194231e-01
   8.6945309e-01
  -8.6937669e-01
   8.1672225e-01
  -8.1661667e-01
   2.6507066e-02
  -2.6140580e-02
   7.9154017e-02
  -7.8790039e-02
   1.3180140e-01
  -1.3144242e-01
   1.8445034e-01
  -1.8409881e-01
   7.6398580e-01
   2.3710195e-01
  -2.3676028e-01
   2.8975736e-01
  -7.6385174e-01
  -2.8942786e-01
   3.4241763e-01
  -3.4210256e-01
   3.9508384e-01
  -3.9478532e-01
   4.4775697e-01
  -4.4747704e-01
   7.1125617e-01
   5.0043799e-01
  -7.1109451e-01
  -5.0017853e-01
   5.5312777e-01
   6.5853642e-01
   6.0582705e-01
  -5.5289052e-01
  -6.5834825e-01
  -6.0561362e-01
  -1.0000000e+00
   1.0000000e+00
  -9.4843690e-01
   9.4846576e-01
  -8.9571930e-01
   8.9577927e-01
  -8.4299952e-01
   8.4309006e-01
  -7.9025415e-01
  -7.3750189e-01
   7.3765075e-01
   7.9037437e-01
  -6.8475277e-01
  -6.3201155e-01
  -5.7928030e-01
  -5.2655971e-01
  -4.7384974e-01
  -4.2114995e-01
  -3.6845966e-01
  -3.1577805e-01
  -2.6310420e-01
  -2.1043712e-01
  -1.5777577e-01
  -1.0511907e-01
  -5.2465912e-02
   1.8483991e-04
   5.2834330e-02
   1.0548371e-01
   1.5813415e-01
   2.1078679e-01
   2.6344277e-01
   3.1610323e-01
   3.6876923e-01
   4.2144181e-01
   4.7412192e-01
   5.2681036e-01
   5.7950770e-01
   6.3221414e-01
   6.8492913e-01
  -9.7429821e-01
   9.7431022e-01
  -9.2212771e-01
  -8.6935274e-01
   8.6942771e-01
   9.2217148e-01
  -8.1663016e-01
  -7.6388722e-01
  -7.1113886e-01
  -6.5839403e-01
  -6.0565714e-01
  -5.5293013e-01
  -5.0021360e-01
  -4.4750746e-01
  -3.9481119e-01
  -3.4212409e-01
  -2.8944528e-01
  -2.3677380e-01
  -1.8410864e-01
  -1.3144872e-01
  -7.8792927e-02
  -2.6140137e-02
   2.6510806e-02
   7.9161067e-02
   1.3181182e-01
   1.8446422e-01
   2.3711945e-01
   2.8977863e-01
   3.4244289e-01
   3.9511327e-01
   4.4779077e-01
   5.0047621e-01
   5.5317025e-01
   6.0587311e-01
   6.5858433e-01
   7.1130212e-01
   7.6402217e-01
   8.1673565e-01
